hens;31;32;33;34;35;36;37;38;39;40;41;42;43;44;45;46;47;48;49;50;51;52;53;54;55;56;59;60;123;151;618;619;620;622;623;624;625;626;627;628;629;630;631;632;634;635;637;638;640;641;642;643;645;646;647;648;649;650;651;653;655;656;658;659;660;661;662;664;665;666;667;668;669;671;672;673;674;676;677;679;681;682;684;685;686;688;690;691;692;693;694;695;697;698;699;700;702;703;705;706;711;712;934
31;0;0;0;0;0;0;0;0.000674992;0;0;0;0;0;0;0;0.000802246;0;0;0;0;0.000491521;0;0;0;0;0;0.000766577;0;0;0;0.000723589;0;0;0;0;0;0.000308356;0;0.000417711;0;0.000362976;0.000642674;0;0;0;0;0.000888099;0;0;0.000667111;0;0.000389105;0.000574053;0.000290782;0;0;0.000284252;0;0.00035868;0;0;0;0.000267023;0.00114482;0;0;0;0.000645856;0;0;0.000248139;0;0;0;0;0;0;0.000277239;0;0;0;0;0;0;0.000306373;0;0;0;0;0;0;0;0.000214408;0.000339674;0;0;0;0.000230044;0.000259067;0.001133144;0;0;0
32;0;0;0.003431373;0;0.003415712;0.003217158;0.005642279;0.005810302;0;0.000754527;0.003287071;0.003612195;0.004653786;0.000976086;0.003524046;0.003042082;0.002076843;0.004404568;0.005853659;0.001702933;0.004547278;0.004396483;0.003449528;0.002932014;0.0039783;0.004075323;0.0033162;0;0.002390057;0.005956017;0.005345861;0.002531153;0.006955678;0.003695231;0.005829526;0.001195559;0.00496166;0.004746835;0.005341144;0.002390265;0.00340081;0.002206177;0.006686236;0.004790245;0.00284522;0.00404157;0.00264131;0.004173398;0.00403934;0.001825188;0.003551575;0.005153432;0.002126837;0.004086398;0.00464612;0.00631769;0.00389498;0.003045879;0.003867849;0.001852476;0.003361345;0.003076425;0.003351019;0.005230531;0.003213466;0.004008016;0.004215988;0.002603198;0.001657764;0.005407232;0.005112337;0.003174603;0.00488878;0.002152642;0.002299257;0.002291326;0.004104831;0.003559732;0.004041084;0.004974396;0.004503828;0.00456621;0.003430812;0.003397683;0.003742515;0.005485372;0.004216115;0.003421143;0.002261347;0.002745995;0.008214008;0.004011108;0.005208979;0.002827077;0.003076923;0.00480705;0.004480956;0.004125838;0.005508883;0.005478662;0.003095975;0.003769059;0.001946788
33;0;0.003431373;0;0;0.002658289;0.002523129;0.002672606;0.004516712;0;0.000319183;0.001723766;0.004776021;0.004479283;0.001229634;0.003767898;0.002363135;0.003857085;0.004918653;0.003004695;0.00225276;0.005733253;0.004501801;0.002784322;0.00216544;0.002983166;0.003824092;0.005213362;0.000720202;0.004611695;0.003144654;0.00186881;0.003965477;0.00260902;0.001442704;0.004351768;0.002397602;0.004645561;0.001892595;0.003015075;0.001594896;0.003375211;0.001930502;0.003389831;0.005293631;0.00135257;0.002292526;0.00310302;0.004556501;0.002469136;0.003676471;0.003193754;0.004805195;0.002310536;0.003825682;0.004271983;0.004986245;0.005426739;0.002719855;0.002607076;0.005912495;0.001769912;0.004883546;0.003958201;0.001152339;0.003867112;0.005869884;0.003753754;0.004019961;0.001089799;0.004525777;0.004700531;0.001992032;0.003946652;0.002344116;0.003537981;0.004758279;0.002727273;0.003234676;0.00333268;0.004167361;0.002056908;0.004536005;0.003409737;0.005157389;0.004628836;0.003858025;0.003412969;0.003397282;0.004121394;0.003855591;0.003777263;0.004434197;0.004983389;0.003805037;0.0041834;0.004813478;0.005300051;0.00433965;0.002640162;0.003931204;0.005325624;0.003402041;0.001057362
34;0;0;0;NA;0;0;0;0;NA;0;0;0;0;0;0;0;0;0;0;0;0;0;0;0;0;0;0;0;0;0;0;0;0;0;0;0;0;0;0;0;0;0;0;0;0;0;0;0;0;0;0;0;0;0;0;0;0;0;0;0;0;0;0;0;0;0;0;0;0;0;0;0;0;0;0;0;0;0;0;0;0;0;0;0;0;0;0;0;0;0;0;0;0;0;0;0;0;0;0;0;0;0;0
35;0;0.003415712;0.002658289;0;0;0.001659751;0.002689779;0.004095563;0;0;0.002289639;0.001212611;0.003127443;0.003328578;0.001405975;0.00126968;0.002110818;0.003614458;0.002150538;0.002124431;0.003637025;0.001263538;0.002836879;0.002592166;0.00140647;0.004875195;0.00321305;0;0.003735699;0.002837189;0.002140309;0.001268633;0.002367985;0.002159827;0.002282063;0.002590674;0.001921845;0.004881224;0.003656307;0.002677888;0.002384359;0.00233489;0.003119002;0.001828897;0.002738892;0.002486789;0.001894452;0.002751284;0.00269179;0.002380143;0.004233512;0.005646269;0.004090623;0.003284072;0.002229654;0.003631703;0.00323167;0.000610687;0.002602934;0.003550596;0.002074689;0.003821352;0.002702703;0.00125274;0.002195872;0.003797721;0.003343683;0.0029615;0.001453066;0.003549696;0.001828488;0.001481481;0.002897618;0.003206156;0.001908397;0.002182877;0.002524673;0.003373685;0.003031068;0.004117768;0.004489098;0.003611847;0.001447876;0.003340757;0.002765957;0.002966625;0.005663797;0.002069322;0.003095238;0.002407002;0.003822197;0.003555556;0.002788714;0.002281542;0.001650846;0.002900127;0.002754237;0.00138217;0.002833396;0.00382833;0.002018719;0.00311284;0.001897533
36;0;0.003217158;0.002523129;0;0.001659751;0;0.001764558;0.003189793;0;0.000383877;0.001701507;0.002698813;0.002090957;0;0.001443835;0.003298878;0.003863636;0.004619908;0.002499479;0.001276813;0.003925417;0.003090939;0.002171291;0.001710237;0.001918005;0.002779708;0.00278671;0;0.002854812;0.004817884;0.003113325;0.000795123;0.002272258;0.002778421;0.004208417;0.001338389;0.003590325;0.002704896;0.00427639;0.001236094;0.003955037;0.001935306;0.003344482;0.002167239;0.001535312;0.00339337;0.003250522;0.00346249;0.003696858;0.00168492;0.001954652;0.004318752;0.003952569;0.004560379;0.002745098;0.004154863;0.001973094;0.002057613;0.00559122;0.003508772;0.002757583;0.001869936;0.001378122;0.001049318;0.001158972;0.003201138;0.003121748;0.003287016;0.001478197;0.00372807;0.00461285;0.004017073;0.00248829;0.004018216;0.000699138;0.002743774;0.004228756;0.004069356;0.003059441;0.002919708;0.003396226;0.004195511;0.002101282;0.00450892;0.00282114;0.003864319;0.00297442;0.003573822;0.003530633;0.003279954;0.002992065;0.003910068;0.001934812;0.003202562;0.003115836;0.002934464;0.006015038;0.003441264;0.003555104;0.002685285;0.002969807;0.003354954;0.000921376
37;0;0.005642279;0.002672606;0;0.002689779;0.001764558;0;0.005061156;0;0;0.002079543;0.00094304;0.000729794;0.000406174;0.000312402;0.001865672;0.003869407;0.002885683;0.002867225;0.000821468;0.003417635;0.001017984;0.002061856;0.001829109;0.002048656;0.004194784;0.002955217;0;0.005620406;0.002837454;0.001754771;0.002570694;0.005701754;0.004695996;0.003383379;0.003326206;0.001986097;0.003206997;0.001193033;0.001009761;0.004186866;0.005690326;0.004208195;0.001516588;0.003852504;0.003928171;0.003464489;0.005181347;0.002211846;0.004259203;0.003924809;0.005212104;0.000847218;0.002678401;0.00248139;0.00417495;0.001506024;0.001655629;0.001308901;0.0018596;0.003763441;0.003966505;0.004891304;0.000845785;0.003674219;0.003172826;0.0030837;0.003110904;0.00237467;0.003725262;0.002578649;0.0029554;0.003047387;0.001438021;0.003737852;0.003580219;0.002548312;0.002037792;0.002318034;0.005189314;0.001387512;0.003997335;0.002672011;0.005172771;0.003367003;0.003869793;0.002300774;0.00547098;0.003295979;0.000608396;0.003369726;0.003710575;0.002636068;0.002746672;0.00288906;0.003751705;0.004741209;0.004902762;0.005148234;0.004140787;0.002933057;0.004522733;0.003688799
38;0.000674992;0.005810302;0.004516712;0;0.004095563;0.003189793;0.005061156;0;0;0.000294377;0.002857726;0.005052898;0.003219871;0.001137333;0.002824859;0.002997377;0.001730769;0.006134969;0.003401361;0.000212224;0.003911343;0.003750721;0.006102522;0.003281378;0.001813785;0.003976751;0.003669725;0;0.005458708;0.004179903;0.004105677;0.003294531;0.005343783;0.004903884;0.005544966;0.003610794;0.00197012;0.005587841;0.004012994;0.002486325;0.003036799;0.002952532;0.005574537;0.004594423;0.000850702;0.004332756;0.003139101;0.003941031;0.003909304;0.001838658;0.003901612;0.006541703;0.001523395;0.005106111;0.00322745;0.005100362;0.005042546;0.001923488;0.004088889;0.003927436;0.002091175;0.003395889;0.004104591;0.002174859;0.004539341;0.004371585;0.006095375;0.004684154;0.003305102;0.00486618;0.004373178;0.00167259;0.004337539;0.001544231;0.006331619;0.004712706;0.003472825;0.004348501;0.004854369;0.005436521;0.004603749;0.003056455;0.003428365;0.00509684;0.004922875;0.003486878;0.00619195;0.003608052;0.002853067;0.004526404;0.005439924;0.005428329;0.004271223;0.002937619;0.00529525;0.005648081;0.005729252;0.004599944;0.006590773;0.005030656;0.003798393;0.005716463;0.001730959
39;0;0;0;NA;0;0;0;0;NA;0;0;0;0;0;0;0;0;0;0;0;0;0;0;0;0;0;0;0;0;0;0;0;0;0;0;0;0;0;0;0;0;0;0;0;0;0;0;0;0;0;0;0;0;0;0;0;0;0;0;0;0;0;0;0;0;0;0;0;0;0;0;0;0;0;0;0;0;0;0;0;0;0;0;0;0;0;0;0;0;0;0;0;0;0;0;0;0;0;0;0;0;0;0
40;0;0.000754527;0.000319183;0;0;0.000383877;0;0.000294377;0;0;0.001610954;0.000508001;0.000486027;0.001829826;0;0;0.001799856;0.000635324;0.000629525;0.001313485;0;0.000220702;0.001589825;0;0.001180173;0.002908386;0.001645278;0.001623377;0;0;0.001879111;0;0;0.00037092;0;0.000350385;0.001361656;0.000482625;0.001061947;0;0.000313676;0.002518892;0.002215891;0.000511117;0;0.000905797;0.001117735;0.001574803;0.00296077;0.002073613;0.000286451;0.00143704;0.001841621;0.002069858;0.000287439;0.000815217;0.0002531;0.003104213;0.000310463;0.00136147;0.000422833;0.000941915;0.000478813;0;0.00169348;0.000249626;0.000628141;0.001576976;0.003301692;0;0.001345895;0;0.000575595;0;0.001883239;0;0.000596837;0.000990835;0.000338409;0.000259;0.002176279;0.000317259;0.000638366;0.000860338;0.000541126;0.000987167;0.001169591;0.00105042;0.001252348;0.000280505;0.00049399;0.002003434;0.000392465;0.000888889;0.000260552;0.00044287;0.000538213;0.001256545;0.000699138;0.001009336;0.001126126;0.001404494;0
41;0;0.003287071;0.001723766;0;0.002289639;0.001701507;0.002079543;0.002857726;0;0.001610954;0;0.00441989;0.001244444;0.001150748;0.002394493;0.00202977;0.00444029;0.002363558;0.00427899;0.002108593;0.005344914;0.002154458;0.005482183;0.002013592;0.00271672;0.002127282;0.003742845;0;0.002088119;0.002952756;0.00212585;0.004394397;0.002541834;0.001426534;0.00266448;0.002063747;0.00406111;0.002234637;0.002539243;0;0.003627054;0.004873853;0.004722043;0.002399852;0.000791139;0.002152273;0.002624672;0.004038364;0.00308642;0.003492433;0.002201761;0.004818594;0.003261756;0.002232143;0.003012048;0.003668662;0.003119266;0.003187251;0.00466596;0.002474134;0.00232438;0.002985711;0.002994539;0.004073873;0.003766105;0.004547935;0.002773038;0.001974784;0.00305033;0.002022927;0.002515091;0.004140787;0.001935388;0.003040354;0.004813478;0.004118795;0.00205846;0.004156877;0.003366248;0.006551853;0.001348228;0.002146844;0.002587322;0.005423865;0.003078699;0.002860915;0.003861789;0.002291476;0.003192848;0.003158934;0.003702235;0.0029994;0.002425345;0.002047921;0.004314388;0.002492522;0.003259202;0.002547771;0.003801624;0.004029304;0.00438153;0.003677316;0.0035155
42;0;0.003612195;0.004776021;0;0.001212611;0.002698813;0.00094304;0.005052898;0;0.000508001;0.00441989;0;0.008398577;0.00147929;0.002924587;0.00511509;0.002615519;0.009239399;0.005727377;0.00057132;0.006601994;0.004016602;0.006419663;0.003880266;0.003093722;0.00324767;0.006025105;0;0.009039548;0.004295137;0.001136548;0.003930045;0.002268676;0.004077291;0.005388273;0.001548254;0.004080399;0.002985075;0.003115804;0.000656455;0.004077638;0.001616488;0.002779595;0.005111728;0.001718213;0.003294574;0.002304556;0.004467912;0.002826356;0.00286533;0.004978995;0.004704775;0.001362928;0.00307963;0.005301731;0.006051437;0.009189032;0.002300173;0.003730133;0.004590275;0.002066892;0.006870604;0.008040626;0.001945904;0.002770083;0.005623648;0.006378803;0.004995005;0.002600297;0.00681431;0.00677415;0.004900113;0.00429606;0.002565114;0.00356697;0.002802044;0.003015394;0.004155323;0.003558116;0.003084606;0.003470127;0.00542139;0.004775235;0.005606603;0.003462812;0.004513541;0.003769436;0.005002588;0.00456249;0.006625578;0.00701559;0.005128205;0.003983568;0.004273504;0.003982888;0.008080808;0.005565584;0.006364463;0.005400166;0.004927536;0.006928406;0.003968254;0.001745201
43;0;0.004653786;0.004479283;0;0.003127443;0.002090957;0.000729794;0.003219871;0;0.000486027;0.001244444;0.008398577;0;0.001890359;0.001005227;0.002145215;0.001013171;0.005269882;0.006205251;0.002029146;0.006579813;0.005632696;0.003187533;0.003936303;0.004590395;0.003168044;0.004707792;0.000531915;0.00453125;0.002833284;0.003479911;0.004178538;0.003786086;0.003435246;0.004466348;0.003009027;0.003678093;0.00307574;0.003359651;0.001686696;0.005237264;0.001169819;0.004616364;0.005268404;0.003700278;0.002245929;0.002406325;0.0036993;0.001368223;0.000788333;0.003781004;0.005419117;0.002071563;0.003575004;0.004701244;0.004413063;0.006095832;0.002781899;0.003625473;0.004124051;0.002729258;0.004122404;0.006320418;0.000751456;0.001645967;0.005907173;0.002851259;0.004272983;0.00251708;0.004952129;0.004223307;0.002364926;0.00324013;0.004200878;0.003283788;0.002401153;0.003862197;0.004192286;0.002464673;0.003724395;0.004264706;0.002068417;0.003034659;0.003175083;0.002931262;0.003243068;0.004127178;0.004181301;0.003480462;0.004490346;0.006110202;0.006664647;0.005979985;0.006014806;0.005470775;0.006039123;0.004390458;0.004053712;0.006222102;0.004945598;0.005964215;0.003850017;0.001259446
44;0;0.000976086;0.001229634;0;0.003328578;0;0.000406174;0.001137333;0;0.001829826;0.001150748;0.00147929;0.001890359;0;0.001023018;0.000655953;0.002760524;0.001223616;0.001820388;0.000830565;0.002600217;0.003016591;0.000378501;0.000386399;0.001501502;0.001174812;0.000631912;0;0.001175433;0.002165088;0.00060241;0;0.0017991;0.001064963;0.001144165;0;0.003432796;0.000911577;0.001697217;0.000578704;0.00060423;0.000947418;0.000608458;0.001736542;0.000832986;0.001287554;0.001782531;0.001971091;0.000353107;0.00097371;0.001385042;0.001582;0;0.000500751;0.002225313;0.001052078;0.001474564;0.001259446;0.000598265;0.003273322;0;0.001209555;0.002096436;0.000868432;0.002183406;0.002427184;0.000302297;0.00115429;0.002354788;0.000979432;0.001747106;0.001207243;0.000187371;0.001342883;0.001079137;0;0.001440507;0.001924928;0;0.00075339;0.001051801;0.000610874;0.000921659;0.00221914;0;0.000632311;0.00311086;0.001679543;0.000301205;0.00135722;0.000807233;0.001658375;0.001150527;0.000285714;0.001516684;0.000431127;0.000781657;0.001633987;0.000679656;0.002696739;0.001534751;0.001346348;0.00057241
45;0;0.003524046;0.003767898;0;0.001405975;0.001443835;0.000312402;0.002824859;0;0;0.002394493;0.002924587;0.001005227;0.001023018;0;0.001056524;0.002475248;0.001998002;0.001486989;0.001909004;0.003553394;0.000742115;0.001480604;0.000902256;0.00353461;0.002204851;0.00385505;0;0.001449275;0.00180424;0.002963695;0.001333333;0.002457002;0.000562272;0.001180916;0.001886792;0.001323627;0.00376197;0.001900624;0.001217039;0.002722772;0.001404494;0.000994036;0.001887584;0.001913265;0.000977517;0.003392706;0.000564865;0.001121076;0.001792115;0.001610306;0.000932981;0.000988468;0.001692405;0.002308403;0.003532789;0.003334723;0.001603078;0.001716949;0.002371542;0.002795899;0.001236094;0.003383758;0.000986518;0.002044525;0.001439737;0.002228274;0.003207292;0.001825373;0.002370917;0.001881114;0.000930521;0.002474431;0.001682935;0.001991465;0.001258178;0.001901593;0.00122524;0.001836788;0.00233397;0.00198369;0.001996506;0.003011292;0.003227294;0.001537448;0.00128238;0.002338634;0.001615074;0.001727116;0.001583352;0.002311471;0.001606979;0.00184905;0.0014171;0.001918159;0.000557932;0.001092896;0.000709346;0.002332815;0.000829016;0.001320755;0.002699784;0.001207729
46;0.000802246;0.003042082;0.002363135;0;0.00126968;0.003298878;0.001865672;0.002997377;0;0;0.00202977;0.00511509;0.002145215;0.000655953;0.001056524;0;0.001690974;0.003340538;0.00195122;0.002599244;0.003885004;0.002317318;0.001342282;0.002721088;0.001780548;0.002467511;0.002807862;0.000388802;0.003254834;0.002172339;0.002918288;0.004165646;0.003101978;0.003450507;0.002820609;0.002918491;0.003563157;0.002987304;0.001884817;0.001124227;0.002142579;0.002031488;0.003133568;0.003246753;0.00260355;0.003371869;0.002807775;0.004073958;0.003009458;0.001803194;0.002023175;0.004267236;0.001211534;0.003097574;0.003692762;0.003737985;0.003056027;0.002138275;0.001741149;0.005336617;0.002319109;0.001752678;0.003763089;0.003881611;0.002367079;0.004717776;0.003708764;0.002993158;0.001141031;0.00451097;0.002655005;0.001854857;0.003919922;0.002463054;0.001301518;0.002767345;0.002076255;0.002507523;0.003472932;0.003103448;0.005347594;0.00255102;0.002757534;0.002761922;0.001594331;0.002607823;0.002795899;0.003125;0.002528691;0.001814224;0.006516291;0.003863135;0.004700185;0.003197292;0.002768645;0.002012072;0.004603399;0.003425678;0.003532434;0.004068486;0.004235959;0.001041016;0.00139821
47;0;0.002076843;0.003857085;0;0.002110818;0.003863636;0.003869407;0.001730769;0;0.001799856;0.00444029;0.002615519;0.001013171;0.002760524;0.002475248;0.001690974;0;0.003235592;0.001605781;0.00195599;0.000951022;0.00094682;0.003010653;0.001639344;0.00137931;0.004050633;0.000824572;0.000824402;0.001966568;0.003536858;0.003605769;0.001773948;0.00339186;0.004008909;0.002899671;0.003225113;0.004760161;0.002063983;0.005418292;0.003229595;0.002004008;0.002637826;0.003225156;0.002275512;0.004666012;0.004496628;0.00446628;0.004490778;0.002883762;0.001069519;0.003405866;0.005171475;0.002262443;0.003708282;0.002273158;0.004938723;0.003133159;0.005182626;0.003189157;0.003589527;0.003121998;0.002205293;0.004191115;0.004023133;0.004874391;0.003103448;0.002206177;0.004518292;0.003548616;0.001052853;0.002556319;0.002641056;0.003141062;0.003323108;0.004267745;0.00407498;0.004473838;0.003257329;0.004001685;0.004604215;0.001093095;0.002423263;0.004467912;0.00321726;0.004009477;0.005803109;0.003257953;0.001286449;0.003204486;0.003546099;0.00305227;0.003969004;0.003485839;0.002124372;0.004087436;0.003011094;0.003448276;0.003348554;0.002792378;0.004345559;0.003529034;0.001503436;0.004678363
48;0;0.004404568;0.004918653;0;0.003614458;0.004619908;0.002885683;0.006134969;0;0.000635324;0.002363558;0.009239399;0.005269882;0.001223616;0.001998002;0.003340538;0.003235592;0;0.006198347;0.00246969;0.00315268;0.003739716;0.007073955;0.002590674;0.004039116;0.005412289;0.007719027;0;0.007377352;0.004360719;0.004295854;0.003018342;0.003906977;0.002880066;0.004520796;0.003389155;0.004115932;0.003541076;0.003206413;0.001058201;0.006375398;0.003370246;0.005267118;0.004451039;0.002473578;0.002284148;0.003092784;0.003633061;0.005554413;0.002927543;0.004072959;0.004404716;0.002071346;0.003482587;0.003725386;0.007044674;0.009385806;0.002483631;0.002599332;0.00589391;0.004642936;0.005057127;0.00633212;0.002529317;0.005442416;0.006018217;0.005247376;0.00595898;0.001086012;0.005892752;0.005449591;0.003977901;0.005439956;0.002569493;0.005403159;0.004362671;0.001629844;0.005822416;0.003518374;0.007506255;0.003939031;0.003576807;0.004158004;0.004608295;0.003929609;0.003460208;0.005023323;0.006594724;0.004672024;0.002793296;0.004992086;0.005310674;0.005666897;0.004156877;0.00601906;0.004048583;0.004087193;0.004329629;0.002944367;0.00754222;0.007453605;0.005396762;0.002636436
49;0;0.005853659;0.003004695;0;0.002150538;0.002499479;0.002867225;0.003401361;0;0.000629525;0.00427899;0.005727377;0.006205251;0.001820388;0.001486989;0.00195122;0.001605781;0.006198347;0;0.002006689;0.005543902;0.002529009;0.002757743;0.003004937;0.001264223;0.002369668;0.00343971;0;0.004206291;0.004861955;0.00296846;0.003692592;0.001661743;0.002657943;0.005763689;0.002376238;0.002897563;0.001638193;0.001790688;0.001313025;0.002973978;0.000476758;0.003361345;0.004100377;0.001338987;0.004320146;0.002047502;0.001805326;0.002446483;0.001693685;0.004406063;0.003999484;0.001828571;0.002307946;0.004060734;0.002723868;0.005386876;0.003142536;0.002955847;0.003508088;0.002411223;0.003907704;0.0045619;0.001140511;0.003136982;0.004039425;0.004470106;0.002475928;0.002160761;0.005859375;0.005274262;0.002192021;0.002972973;0.002552204;0.002471679;0.002636535;0.003791298;0.00337241;0.004084014;0.005633803;0.002382168;0.004121394;0.002815844;0.005471232;0.00493533;0.003441025;0.003922268;0.003764613;0.002225107;0.003302051;0.00607312;0.003869152;0.003571919;0.003774263;0.004986702;0.004480956;0.004748177;0.003878753;0.004946669;0.004229018;0.005441354;0.004168321;0.001830065
50;0;0.001702933;0.00225276;0;0.002124431;0.001276813;0.000821468;0.000212224;0;0.001313485;0.002108593;0.00057132;0.002029146;0.000830565;0.001909004;0.002599244;0.00195599;0.00246969;0.002006689;0;0.001204405;0.001713209;0.00209041;0.002120329;0.001297017;0.002758367;0.003222094;0.000517866;0.003491163;0.002252252;0.002888247;0.002319513;0.001767956;0.000748316;0.002992732;0.001922153;0.002812374;0.002960332;0.002662149;0.002402196;0.000888889;0.001515152;0.001788509;0.002299732;0.001113896;0.001420455;0.0010005;0.000694083;0.000248509;0.001541782;0.002711723;0.002036067;0.00316092;0.002318393;0.003557974;0.003211562;0.003238095;0.001680202;0.001987633;0.004483247;0.001632653;0.000666667;0.000910913;0.001431844;0.002473207;0.001505457;0.000666963;0.001252348;0.001068947;0.003062426;0.001907074;0.002998092;0.003534655;0.001752848;0.001764113;0.000903342;0.003655128;0.002245509;0.001641651;0.003100174;0.003210917;0.00201839;0.00044964;0.002294535;0.00219912;0.001609195;0.001267695;0.001199328;0.001331262;0.002670501;0.004075533;0.00187227;0.001561768;0.001493811;0.002528691;0.002578206;0.003389155;0.001972387;0.002144006;0.002657555;0.001913376;0.003371057;0.00204499
51;0.000491521;0.004547278;0.005733253;0;0.003637025;0.003925417;0.003417635;0.003911343;0;0;0.005344914;0.006601994;0.006579813;0.002600217;0.003553394;0.003885004;0.000951022;0.00315268;0.005543902;0.001204405;0;0.004609443;0.002318649;0.003177789;0.002309088;0.003795315;0.006119951;0;0.005309735;0.006795017;0.0019351;0.004247788;0.001929642;0.003706091;0.004215116;0.001882353;0.004598662;0.001966393;0.0014171;0.001364256;0.004183475;0.001450852;0.003596044;0.004993252;0.00327982;0.001395187;0.002094747;0.004150421;0.003859762;0.002568336;0.003571939;0.003747382;0.002810963;0.00420396;0.003434459;0.004734717;0.007539041;0.003637623;0.004013676;0.002788104;0.002209006;0.005085253;0.006001305;0.001928809;0.004397163;0.003193613;0.006441948;0.004900245;0.002353337;0.002942999;0.005406765;0.003232392;0.004132706;0.002129925;0.002590674;0.003319753;0.00379064;0.005043132;0.003557618;0.005849544;0.004454343;0.003151261;0.00331076;0.003716409;0.004027218;0.003510914;0.003896666;0.00440044;0.002980626;0.004813137;0.007233463;0.00385384;0.004422719;0.003776874;0.004223433;0.006753377;0.004711752;0.006660208;0.007725985;0.004958456;0.008215369;0.004563336;0.001359223
52;0;0.004396483;0.004501801;0;0.001263538;0.003090939;0.001017984;0.003750721;0;0.000220702;0.002154458;0.004016602;0.005632696;0.003016591;0.000742115;0.002317318;0.00094682;0.003739716;0.002529009;0.001713209;0.004609443;0;0.002307946;0.001662234;0.001640689;0.001821968;0.004716264;0;0.00337194;0.003231699;0.002224199;0.000702001;0.003404885;0.002563692;0.00318149;0.001248634;0.004023307;0.00177841;0.002039216;0.000968804;0.002525253;0.001443522;0.003730786;0.004164428;0.001028454;0.002084057;0.003856661;0.002878959;0.001917546;0.002372263;0.002558999;0.003956479;0.00174642;0.002697963;0.004279601;0.003185596;0.004009623;0.001720578;0.002957705;0.001694654;0.001690331;0.005363528;0.004282377;0.001569859;0.001690855;0.004380143;0.002973536;0.003833643;0.001839465;0.005255836;0.001872893;0.002368466;0.006307339;0.003359859;0.003387643;0.00195078;0.002174543;0.002902758;0.004160888;0.003786854;0.001659292;0.004338719;0.001645721;0.00327309;0.004567474;0.002886222;0.003736706;0.002029347;0.003564004;0.004086234;0.005111088;0.002128867;0.003244496;0.003326103;0.00379867;0.003229011;0.00441623;0.004455684;0.004990403;0.004001601;0.005274394;0.002031567;0.000965251
53;0;0.003449528;0.002784322;0;0.002836879;0.002171291;0.002061856;0.006102522;0;0.001589825;0.005482183;0.006419663;0.003187533;0.000378501;0.001480604;0.001342282;0.003010653;0.007073955;0.002757743;0.00209041;0.002318649;0.002307946;0;0.005007511;0.002694757;0.004416181;0.003715847;0.000462107;0.004156276;0.004112003;0.004231013;0.001628664;0.003579701;0.004495977;0.004282219;0.003189793;0.004614497;0.004159734;0.003209537;0.001269841;0.002115507;0.005399261;0.003833049;0.001099505;0.004724409;0.003471295;0.002604167;0.003176726;0.002354049;0.004327755;0.007395563;0.002956914;0.001613771;0.003331483;0.00299222;0.002683535;0.004749726;0.004746835;0.003787879;0.004923903;0.004878049;0.003815176;0.002275114;0.001073537;0.003741631;0.006158305;0.002753654;0.003937604;0.003530895;0.004697987;0.003170365;0.004105722;0.002668643;0.001093494;0.002859867;0.003010105;0.003686258;0.00449317;0.004236343;0.003710575;0.004222649;0.004701859;0.002569043;0.003585657;0.003059273;0.005036129;0.002419355;0.003872437;0.003807107;0.004715128;0.004082708;0.003378378;0.002564489;0.001423053;0.003539493;0.004970179;0.003621117;0.004922198;0.004125129;0.005102971;0.002341529;0.002277904;0
54;0;0.002932014;0.00216544;0;0.002592166;0.001710237;0.001829109;0.003281378;0;0;0.002013592;0.003880266;0.003936303;0.000386399;0.000902256;0.002721088;0.001639344;0.002590674;0.003004937;0.002120329;0.003177789;0.001662234;0.005007511;0;0.000991326;0.001600569;0.003982301;0.000473934;0.001887188;0.002172625;0.005355613;0;0.005763074;0.003832335;0.004537018;0.002073733;0.003298409;0.002811358;0.002086715;0.002587322;0.004073756;0.00201323;0.001935068;0.002409192;0.002390438;0.002164502;0.002397507;0.004731328;0.002862595;0.00380785;0.002009646;0.004261969;0.003006286;0.003740415;0.004239855;0.005633256;0.003501013;0.001332978;0.002337938;0.004074242;0.002857885;0.001497326;0.002473935;0.001907877;0.004581673;0.002003643;0.001926782;0.003816794;0.001786626;0.003165272;0.00421372;0.001817238;0.003139952;0.001665741;0.001687967;0.003700479;0.003519669;0.006180694;0.003834875;0.003184117;0.003293935;0.003238342;0.004557292;0.003422589;0.002123142;0.002874199;0.00346868;0.003457815;0.002778371;0.001980198;0.003313453;0.004423889;0.003348554;0.003501545;0.002820609;0.002;0.002307692;0.003839386;0.003467406;0.004229496;0.003378949;0.00369515;0.001284109
55;0;0.0039783;0.002983166;0;0.00140647;0.001918005;0.002048656;0.001813785;0;0.001180173;0.00271672;0.003093722;0.004590395;0.001501502;0.00353461;0.001780548;0.00137931;0.004039116;0.001264223;0.001297017;0.002309088;0.001640689;0.002694757;0.000991326;0;0.004220151;0.002388189;0;0.003305102;0.002724265;0.003364172;0.00188781;0.003560955;0.003525264;0.004260499;0.002263468;0.003248615;0.001923605;0.001137398;0.000629525;0.003582719;0.002814523;0.003600169;0.002008399;0.002863092;0.003980892;0.002824859;0.003664834;0.002105756;0.002573635;0.001978239;0.004214667;0.003479657;0.004797048;0.002181674;0.002670736;0.003633061;0.002876569;0.003347981;0.002219756;0.00382263;0.002737995;0.004716157;0.002938034;0.002544529;0.003777658;0.002950474;0.00331725;0.002002002;0.003555556;0.003657523;0.001780717;0.003251552;0.002719608;0.003080569;0.001922666;0.003667482;0.001963234;0.003545314;0.003322872;0.005354752;0.001271186;0.004694836;0.003965893;0.003617669;0.002606995;0.003212206;0.002941842;0.002521538;0.001949698;0.003147541;0.002568662;0.003761661;0.001415858;0.00203666;0.002138861;0.002843063;0.002840909;0.003077449;0.003259689;0.002498751;0.002265006;0.004396985
56;0;0.004075323;0.003824092;0;0.004875195;0.002779708;0.004194784;0.003976751;0;0.002908386;0.002127282;0.00324767;0.003168044;0.001174812;0.002204851;0.002467511;0.004050633;0.005412289;0.002369668;0.002758367;0.003795315;0.001821968;0.004416181;0.001600569;0.004220151;0;0.004366812;0;0.002486789;0.002824439;0.004735596;0.002265861;0.002355158;0.005487909;0.003373716;0.002497502;0.005731922;0.002295772;0.005535984;0.001469045;0.003473867;0.002137998;0.004760394;0.002406569;0.005167959;0.003921569;0.004979396;0.006606765;0.004272774;0.002556036;0.004526252;0.005637368;0.001875469;0.003278221;0.002413273;0.004252199;0.003524602;0.003141748;0.003928964;0.001968504;0.003082502;0.004108723;0.002867286;0.003377111;0.003736921;0.004481165;0.003792668;0.005609072;0.003046595;0.003284612;0.004079484;0.002537611;0.003472222;0.002277904;0.003617571;0.005440871;0.00741771;0.004599944;0.002292076;0.005005005;0.003957204;0.00381255;0.003184206;0.00377017;0.005272408;0.003556418;0.001671987;0.003330558;0.004577743;0.00223314;0.004565217;0.004066265;0.005108246;0.001683759;0.005887421;0.003526185;0.003059886;0.003916119;0.003362475;0.007201356;0.002766798;0.00501002;0.003140704
59;0.000766577;0.0033162;0.005213362;0;0.00321305;0.00278671;0.002955217;0.003669725;0;0.001645278;0.003742845;0.006025105;0.004707792;0.000631912;0.00385505;0.002807862;0.000824572;0.007719027;0.00343971;0.003222094;0.006119951;0.004716264;0.003715847;0.003982301;0.002388189;0.004366812;0;0.000372024;0.004689552;0.00569395;0.002091255;0.003333333;0.001893939;0.002311896;0.005721669;0.002237592;0.003315881;0.00290346;0.00286533;0.001906837;0.003433149;0.002220577;0.003832886;0.003688181;0.004384953;0.003280225;0.001051746;0.003383574;0.002936242;0.006028636;0.001980911;0.004729996;0.001886792;0.0026986;0.002166065;0.005064618;0.006852749;0.002776492;0.002461655;0.003201281;0.002937853;0.003242418;0.004338046;0.001884126;0.003391646;0.005458154;0.003818251;0.003788942;0.000889086;0.004808656;0.003223331;0.00203252;0.00413394;0.004077716;0.002117747;0.002511592;0.001846722;0.003117821;0.00299222;0.004400812;0.00348675;0.003456885;0.00288906;0.005604773;0.003827418;0.004912556;0.003102756;0.003051261;0.001710701;0.003559986;0.006298629;0.004506128;0.003218133;0.002944424;0.005272109;0.005492829;0.004859424;0.005428404;0.005528353;0.003489531;0.005244486;0.003668977;0.002984265
60;0;0;0.000720202;0;0;0;0;0;0;0.001623377;0;0;0.000531915;0;0;0.000388802;0.000824402;0;0;0.000517866;0;0;0.000462107;0.000473934;0;0;0.000372024;0;0;0;0.00070373;0;0.000349406;0;0.000331016;0.00040016;0.000301114;0;0.000809389;0.001601281;0;0;0;0;0.001560874;0.001079331;0;0.00073278;0.000424809;0;0.001596424;0;0.000549451;0.000853485;0;0;0.000834725;0.001049869;0.000348918;0;0.000497512;0;0;0;0.000313185;0;0;0;0.000481928;0;0;0.000996016;0;0.000568828;0;0;0;0.000814553;0;0.000570613;0.000601142;0.000357526;0.000359842;0.000319081;0.000299222;0;0;0.000799361;0.000351865;0.000311526;0;0.000317965;0.000210881;0;0.000287109;0.000240269;0;0;0;0;0;0;0
123;0;0.002390057;0.004611695;0;0.003735699;0.002854812;0.005620406;0.005458708;0;0;0.002088119;0.009039548;0.00453125;0.001175433;0.001449275;0.003254834;0.001966568;0.007377352;0.004206291;0.003491163;0.005309735;0.00337194;0.004156276;0.001887188;0.003305102;0.002486789;0.004689552;0;0;0.004946273;0.001635769;0.00179937;0.004723837;0.0020004;0.004591206;0.002327837;0.002678721;0.002056673;0.002731174;0.000255297;0.004932408;0.005140187;0.003296703;0.002414681;0.001526718;0.002216312;0.00200441;0.002371073;0.002995806;0.002598016;0.006066909;0.005866599;0.001562151;0.004058442;0.003465003;0.005535055;0.006588462;0.001094331;0.001628959;0.004204893;0.002142245;0.004016064;0.004798762;0.002230152;0.004628043;0.003972037;0.003101624;0.003256887;0.001266624;0.005164499;0.004595997;0.003648069;0.004001601;0.002945842;0.004038772;0.003326557;0.001945525;0.003474964;0.002855511;0.003739229;0.005028495;0.004041889;0.003870254;0.003459011;0.005521164;0.005257229;0.00349895;0.003103783;0.002182612;0.005301864;0.004911944;0.004319281;0.00338524;0.003173484;0.002771438;0.003084153;0.003661784;0.004389691;0.00624524;0.003997442;0.004161094;0.003108003;0.002291242
151;0;0.005956017;0.003144654;0;0.002837189;0.004817884;0.002837454;0.004179903;0;0;0.002952756;0.004295137;0.002833284;0.002165088;0.00180424;0.002172339;0.003536858;0.004360719;0.004861955;0.002252252;0.006795017;0.003231699;0.004112003;0.002172625;0.002724265;0.002824439;0.00569395;0;0.004946273;0;0.002762908;0.003591802;0.004655975;0.004354411;0.004363148;0.002201431;0.004956828;0.002570143;0.004063539;0.001187931;0.003288335;0.004807692;0.002604619;0.002150868;0.001229005;0.001871491;0.002461189;0.003839045;0.004723219;0.0044238;0.003784762;0.002941537;0.00293501;0.0034061;0.00445471;0.003989786;0.002598197;0.002470152;0.003960737;0.003072474;0.001610954;0.004854369;0.004885993;0.002301737;0.003749592;0.005930657;0.003811504;0.005360879;0.002985669;0.00434232;0.005545287;0.00282315;0.005010277;0.002973662;0.003237479;0.005091292;0.003366437;0.004228968;0.003607504;0.003567551;0.003348748;0.005059316;0.003144105;0.005441055;0.002703132;0.002661934;0.003994674;0.003303358;0.004150813;0.005865103;0.003930636;0.003449409;0.003516083;0.005374538;0.004831671;0.004369274;0.006203277;0.004349599;0.004365541;0.003970072;0.004987176;0.005339716;0.002367985
618;0.000723589;0.005345861;0.00186881;0;0.002140309;0.003113325;0.001754771;0.004105677;0;0.001879111;0.00212585;0.001136548;0.003479911;0.00060241;0.002963695;0.002918288;0.003605769;0.004295854;0.00296846;0.002888247;0.0019351;0.002224199;0.004231013;0.005355613;0.003364172;0.004735596;0.002091255;0.00070373;0.001635769;0.002762908;0;0.00206422;0.004797933;0.003873598;0.003581662;0.004943642;0.004423273;0.002798507;0.0015851;0.001567808;0.003148731;0.001900689;0.003909159;0.00277551;0.00468123;0.003619091;0.003881512;0.005873494;0.003863359;0.002409639;0.003333333;0.006969541;0.003418414;0.002135699;0.002283105;0.004418763;0.003084416;0.003801431;0.005165099;0.004079254;0.005032823;0.003149315;0.002190238;0.002501137;0.003649001;0.004188144;0.001850824;0.003708282;0.002798708;0.001549787;0.003148426;0.000653737;0.002559612;0.002772003;0.005141917;0.004322496;0.00233519;0.00432623;0.002126837;0.002964915;0.003565365;0.003356956;0.002242991;0.00351062;0.005942275;0.003619048;0.002305782;0.003155819;0.002587322;0.002769604;0.003504955;0.00544146;0.002189082;0.003401361;0.003307972;0.004318046;0.0026986;0.001715266;0.005551272;0.005193119;0.004214329;0.003358356;0.001299714
619;0;0.002531153;0.003965477;0;0.001268633;0.000795123;0.002570694;0.003294531;0;0;0.004394397;0.003930045;0.004178538;0;0.001333333;0.004165646;0.001773948;0.003018342;0.003692592;0.002319513;0.004247788;0.000702001;0.001628664;0;0.00188781;0.002265861;0.003333333;0;0.00179937;0.003591802;0.00206422;0;0.002971429;0.000776398;0.003752759;0.000994777;0.00414336;0.001234949;0.002005013;0.001081861;0.00137836;0.001267427;0.001617002;0.002365464;0.000870322;0.003861004;0.001818182;0.001246661;0.002066116;0.001937359;0.002149613;0.002377768;0.002997602;0.002783854;0.001723395;0.001651187;0.002740799;0.003215434;0.001596351;0.001217434;0.003690037;0.002530481;0.002248454;0.00089579;0.001910828;0.00290585;0.002300966;0.00304878;0.001668985;0.005869406;0.003205128;0.001132824;0.002669598;0.003360831;0.002880335;0.001401542;0.000885152;0.002500962;0.002429543;0.003189793;0.001237624;0.001621872;0.002328289;0.001504406;0.004125413;0.004052443;0.005031722;0.001989555;0.002294631;0.003389831;0.002767783;0.001930502;0.002719565;0.002203614;0.00521774;0.005479936;0.003696099;0.003710575;0.004411765;0.00312439;0.003395282;0.002742458;0.00251076
620;0;0.006955678;0.00260902;0;0.002367985;0.002272258;0.005701754;0.005343783;0;0;0.002541834;0.002268676;0.003786086;0.0017991;0.002457002;0.003101978;0.00339186;0.003906977;0.001661743;0.001767956;0.001929642;0.003404885;0.003579701;0.005763074;0.003560955;0.002355158;0.001893939;0.000349406;0.004723837;0.004655975;0.004797933;0.002971429;0;0.003654822;0.004645346;0.001767478;0.003898305;0.003718336;0.003758655;0.002602811;0.004249815;0.003791469;0.002593553;0.002603743;0.001770695;0.003151733;0.004070832;0.00480048;0.003441992;0.004808848;0.00420021;0.005269923;0.002721088;0.004926917;0.00262651;0.004064352;0.004375304;0.004008909;0.004039662;0.005426357;0.003481288;0.002398082;0.001871199;0.002263468;0.005203816;0.004497992;0.00295421;0.004386566;0.003002359;0.00425779;0.004791854;0.003919007;0.002822581;0.001608086;0.002861815;0.005813953;0.002506714;0.002871271;0.005023184;0.005432099;0.003893685;0.003904797;0.002421759;0.005610098;0.003714961;0.003605997;0.003717472;0.003538431;0.004057543;0.00327982;0.004587156;0.005951339;0.003964457;0.003927169;0.003959743;0.003560831;0.004209463;0.002997431;0.003837299;0.002905569;0.002697437;0.004136301;0.000775595
622;0;0.003695231;0.001442704;0;0.002159827;0.002778421;0.004695996;0.004903884;0;0.00037092;0.001426534;0.004077291;0.003435246;0.001064963;0.000562272;0.003450507;0.004008909;0.002880066;0.002657943;0.000748316;0.003706091;0.002563692;0.004495977;0.003832335;0.003525264;0.005487909;0.002311896;0;0.0020004;0.004354411;0.003873598;0.000776398;0.003654822;0;0.002948693;0.004165753;0.002784481;0.002904674;0.002863436;0.002709211;0.002243524;0.002428494;0.003076292;0.001420455;0.002252252;0.00229241;0.003411417;0.003411306;0.002033439;0.003016178;0.003076331;0.004541076;0.001283368;0.002686728;0.003083446;0.004271123;0.003180774;0.002010555;0.003041363;0.0038718;0.002204802;0.003267307;0.001017294;0.001794872;0.004762812;0.003325748;0.002449479;0.003982888;0.00192864;0.004519045;0.003892944;0.003188619;0.002166065;0.001826722;0.001598904;0.001654944;0.003557312;0.001737318;0.004290925;0.005941664;0.003338898;0.003084516;0.005794702;0.00617403;0.002588279;0.004001685;0.003117086;0.001748252;0.003056235;0.002843063;0.002441532;0.003648934;0.004268472;0.003737215;0.00342651;0.002569456;0.002578744;0.002310892;0.001497504;0.003880071;0.003252033;0.002848379;0.002393776
623;0;0.005829526;0.004351768;0;0.002282063;0.004208417;0.003383379;0.005544966;0;0;0.00266448;0.005388273;0.004466348;0.001144165;0.001180916;0.002820609;0.002899671;0.004520796;0.005763689;0.002992732;0.004215116;0.00318149;0.004282219;0.004537018;0.004260499;0.003373716;0.005721669;0.000331016;0.004591206;0.004363148;0.003581662;0.003752759;0.004645346;0.002948693;0;0.001523229;0.004293263;0.004035874;0.003644035;0.000998253;0.005030543;0.003424658;0.002519345;0.003652533;0.003211991;0.00326087;0.002756991;0.00277859;0.00274456;0.003934274;0.004257493;0.005797832;0.002187705;0.00448;0.00341006;0.005782257;0.004265403;0.00344012;0.002851542;0.003942922;0.003787082;0.004129264;0.004424104;0.002184837;0.004894515;0.005646173;0.005213952;0.004023605;0.003111388;0.003753754;0.006741902;0.00294365;0.00514444;0.004445432;0.004163362;0.001996008;0.00471122;0.00467581;0.005816135;0.005616175;0.003957131;0.003430222;0.005079826;0.004601227;0.00709571;0.004796163;0.003270224;0.00304878;0.00628592;0.004542396;0.005930495;0.005790191;0.005629272;0.004516241;0.004181409;0.006396279;0.006244864;0.005316172;0.006309148;0.004097069;0.003663004;0.004394345;0.001739995
624;0;0.001195559;0.002397602;0;0.002590674;0.001338389;0.003326206;0.003610794;0;0.000350385;0.002063747;0.001548254;0.003009027;0;0.001886792;0.002918491;0.003225113;0.003389155;0.002376238;0.001922153;0.001882353;0.001248634;0.003189793;0.002073733;0.002263468;0.002497502;0.002237592;0.00040016;0.002327837;0.002201431;0.004943642;0.000994777;0.001767478;0.004165753;0.001523229;0;0.004516712;0.001772601;0.004691832;0.001722653;0.002767892;0.002329193;0.004176611;0.00242047;0.002407898;0.001468069;0.003293085;0.004121097;0.002400698;0.001837753;0.003922301;0.005392289;0.002469746;0.003136982;0.001493931;0.001619579;0.00257732;0.002660861;0.003144036;0.002493247;0.003542749;0.001975894;0.002314815;0.001478197;0.004066543;0.003236246;0.003166436;0.003169116;0.0027894;0.000207254;0.002052416;0.000942507;0.003534568;0.00225677;0.002648422;0.003613007;0.002680965;0.003387534;0.001863354;0.002267969;0.002701729;0.001790332;0.0036;0.002051473;0.001615219;0.001627008;0.002645003;0.002961083;0.002565114;0.001838573;0.002140519;0.002607076;0.001147282;0.002477134;0.000874585;0.003448816;0.001788589;0.003010235;0.005371094;0.002570694;0.001741333;0.004454815;0.001713307
