hens;1;2;3;4;6;7;8;9;10;11;12;13;14;15;16;17;18;19;20;21;22;23;24;25;26;27;28;29;30;500;501;503;504;505;506;507;508;509;511;512;513;515;516;518;519;520;521;522;523;524;526;527;528;529;531;532;533;535;536;537;538;540;544;545;546;547;548;549;550;551;552;553;555;556;557;558;562;563;564;565;566;567;568;569;570;571;573;576;578;579;580;581;583;584;586;587;589;591;592;593;594;595;596;597;598;600;601;603
1;0;0.002459268;0.000427077;0.000465333;0.000757767;0.001171234;0.003869969;0.008884996;0.004111701;0.009285426;0.003985056;0.002008032;0.000633312;0.005611291;0.007792208;0.006412937;0.005895091;0.005784146;0.004605427;0.005073113;0;0.002080083;0.005467801;0;0.000454752;0.007287706;0.005553037;0.004989048;0.001860308;0.008727019;0.003751842;0.004407295;0.003341129;0.002742947;0.003160628;0.003608529;0.003799392;0.005489743;0.00797649;0.002917815;0.001117527;0.003147029;0.009888919;0.000880282;0.005565623;0.004532913;0.002112541;0.004463599;0.004441897;0.003448276;0.004543733;0.000859476;0.007142857;0.006765137;0;0.002654744;0.001554404;0.002412545;0.005493643;0.002382146;0.00398327;0.003376097;0.00096918;0.00694904;0.007663518;0.006767459;0.002492108;0.002245299;0.008058985;0.002287503;0.006064435;0.006021074;0.004462225;0.00148368;0.005124341;0.007153552;0.005630355;0.005954529;0.005450016;0.00462648;0.006392474;0.004450187;0.006057547;0.001143417;0.00276116;0.004405874;0.002802191;0.007426824;0.001806057;0.004782929;0.001385761;0.006321493;0.003442933;0.006508601;0.005068018;0.004769692;0.000971008;0.001937046;0.004137116;0.004263382;0.006480481;0.00772325;0.000484144;0.002336904;0.00028169;0.010452962;0.004374159;0.000763592
2;0.002459268;0;0.002279462;0.004400978;0;0.000502008;0.005096567;0.006734007;0.005593649;0.005296905;0.006082568;0.001733436;0.001349528;0.004642857;0.002031144;0.003184252;0.005981308;0.007388152;0.006205559;0.004674353;0;0.003287671;0.006037496;0.000881316;0.002193517;0.004301787;0.005740394;0.006439394;0.003025449;0.005880941;0.006567915;0.004609027;0.003686151;0.00249066;0.00667291;0.005542359;0.00341434;0.004667972;0.006110869;0.003572644;0.002957413;0.003265413;0.008158672;0.00093985;0.00672857;0.003757044;0.003051882;0.005318292;0.004783259;0.00172006;0.005110063;0.002523515;0.005396936;0.007579291;0;0.004814004;0.001817851;0.002774813;0.004597701;0.003777025;0.00210837;0.000960154;0.003292181;0.005549775;0.005622189;0.005097451;0.002792321;0.003954885;0.005213952;0.003245537;0.008143964;0.00690194;0.004507405;0.001580135;0.00614948;0.004704652;0.006219063;0.004369301;0.002763329;0.006525748;0.005868398;0.005696297;0.006417813;0.001886792;0.002710027;0.005559416;0.002776309;0.005002274;0.004206556;0.006878105;0.003837719;0.00660793;0.003804348;0.005524862;0.007646323;0.005963368;0.003040394;0.003730711;0.003757044;0.006130903;0.005645161;0.005384486;0.000260146;0.002475758;0;0.004617753;0.001586462;0.003041947
3;0.000427077;0.002279462;0;0.000462642;0;0.00139795;0.001061759;0.001687194;0.000535619;0.000372232;0.001687194;0.000892591;0.000765404;0.001321353;0.000980633;0.000196348;0.001928021;0.001086957;0.001684636;0.003263708;0;0.003017833;0.002006242;0.001914486;0.000439754;0.00094585;0.001632774;0.001305909;0.003433703;0.00122399;0.001119403;0.000892857;0.001548387;0.002344273;0.001777778;0.001562056;0.001267829;0;0.000591133;0.00197336;0.001232286;0.002229463;0.001503194;0.003312629;0.001952778;0.001685204;0.001943635;0.002505695;0.001845775;0.001774938;0.002061147;0.001581653;0.000254001;0.001766784;0;0.001586357;0.004099481;0.00140007;0.001872221;0.001877453;0.003441156;0.000858001;0.001317957;0.001517067;0.000850822;0.000616776;0.00282196;0.001797125;0.000799787;0.00129199;0.001715854;0.001018849;0.000454442;0.001540832;0.00154287;0.001019108;0.001479776;0.000870322;0.002081888;0.001714612;0.001933301;0.002262909;0.001713209;0.001250313;0.000448029;0.002227999;0.003666841;0.000626305;0.002562586;0.001154925;0.001643836;0.003299604;0.000810592;0.001225678;0.002594034;0.000953652;0.001770956;0.001963672;0;0.001892595;0.001138174;0.000241721;0.000498256;0.001657275;0;0.000834725;0.002346194;0.00203666
4;0.000465333;0.004400978;0.000462642;0;0.001111729;0.000511247;0.002972973;0.003779487;0.005116024;0.003372681;0.004041194;0.004701273;0.002747253;0.003795409;0.003087479;0.003071073;0.004141566;0.004685132;0.003252667;0.004569088;0;0.004260837;0.002241435;0.00029994;0.00248139;0.003177789;0.004246785;0.002792941;0.002161383;0.004351505;0.004507677;0.00401671;0.002485795;0.004009285;0.004239783;0.002387177;0.003259984;0.002887099;0.003225334;0.00327135;0.003;0.004355861;0.003820034;0.001195314;0.00488268;0.001903553;0.002476269;0.003254149;0.003622095;0.003061448;0.004228889;0.003502218;0.004049296;0.002339455;0;0.002795351;0.004432133;0.001949318;0.004485795;0.007388838;0.003214745;0.002201027;0.002295014;0.003680982;0.002651515;0.003480103;0.003005126;0.004740741;0.001815211;0.003401361;0.003034301;0.003405816;0.00374288;0.001606241;0.002223987;0.002464789;0.004218331;0.003270489;0.004944783;0.002569593;0.004908748;0.002265177;0.004619242;0.004352368;0.001001502;0.004346607;0.005891016;0.003059039;0.00469277;0.003587444;0.005751391;0.00333069;0.004776778;0.001931434;0.005464481;0.002573267;0.003953727;0.003432298;0.002115507;0.003680161;0.004236598;0.004253147;0.000795756;0.003143336;0.000627156;0.005311569;0.00483611;0.004541768
6;0.000757767;0;0;0.001111729;0;0.000701754;0.000202716;0.000575705;0;0.000430108;0.001921599;0.001516875;0;0.000326264;0;0.000686813;0.000362911;0.000833507;0.000191498;0.000772201;0;0.000682361;0.000530504;0;0.000644745;0.000855432;0.000830565;0.000184843;0.001302083;0.001376226;0.001078051;0.002398721;0.000633714;0.000440723;0.00199104;0.001582278;0.000410678;0.000486618;0.000229674;0.000599341;0.00118859;0.001173021;0.000217108;0.000588582;0.001424501;0.001781737;0.002114165;0.001361285;0.00120279;0.002866699;0.000783239;0;0;0.000164474;0;0.000462321;0.001357313;0.001405152;0.001689189;0.001556723;0.002285192;0.001243781;0.000431965;0;0.000356506;0.001208021;0.001886792;0.000465983;0;0.000548045;0.00039116;0.000386847;0.000271813;0.000533049;0.00026178;0;0.00055918;0.001836885;0.001387347;0.000661959;0.000181984;0.00024108;0;0.001526252;0.000662691;0.000427991;0.001394978;0.000491642;0.001606979;0.000748923;0.001365654;0.003398693;0.000671366;0.00086103;0.000426803;0.000442184;0.001146;0.001490757;0.00044484;0.001711352;0;0.00087925;0;0.00130662;0;0.000759301;0.00032041;0.000810373
7;0.001171234;0.000502008;0.00139795;0.000511247;0.000701754;0;0.001145038;0.001086957;0;0.001816347;0.001812908;0.000338753;0.000908265;0.001185536;0.000272405;0.001497006;0.000171703;0.000586854;0.000361468;0.000714796;0;0.000616713;0.000489956;0;0;0.00052356;0.00078964;0.000874432;0.000590667;0.001960464;0.002630514;0.002954937;0.000288268;0.003497862;0.002209247;0.000753352;0.000728332;0.00067858;0.001287277;0.001096792;0.001057828;0.00092115;0.002037075;0.002991027;0.000573614;0.001564333;0.002616822;0.002764514;0.000894855;0.001245847;0.001662357;0.002361833;0.000851305;0.000469484;0;0.00064697;0.00122737;0.00040833;0.001034661;0.001283933;0.00159936;0.001041667;0;0.001693002;0.000320821;0.002249213;0.000858369;0.002393906;0.000898204;0.000691443;0.000368664;0.000182382;0.001756587;0.002289377;0.001453841;0.000568828;0.001233915;0.000329164;0.002044467;0.000206356;0.00068918;0.001346801;0.000920641;0.001952036;0.001098901;0.001003613;0.001877229;0.001142335;0;0.000353669;0.000925355;0.000723415;0.000607718;0.000163319;0.000800641;0.001241979;0.000213721;0.001637108;0.000390625;0.001833901;0.000250878;0.001343364;0.001253918;0.001918649;0.001974334;0;0.002042603;0.001745636
8;0.003869969;0.005096567;0.001061759;0.002972973;0.000202716;0.001145038;0;0.007134894;0.003082795;0.003197158;0.005341643;0.002482545;0.001402525;0.004962055;0.004055377;0.002938656;0.008536849;0.005597668;0.007576602;0.004692388;0;0.004312909;0.005163511;0.000214316;0.000372439;0.001502938;0.006543298;0.005774679;0.002179916;0.003748048;0.0057041;0.00410596;0.00475162;0.000821693;0.006945154;0.006046189;0.002403461;0.006726742;0.004546572;0.003785754;0.001894238;0.005397504;0.004649499;0.001088139;0.006447899;0.001650437;0.00242915;0.004959121;0.005163078;0.001861882;0.003708699;0.001601139;0.002994012;0.004565747;0;0.003695492;0.0037059;0.001176273;0.004492852;0.004593323;0.003002502;0.001290798;0.002614379;0.005556347;0.003483265;0.003149011;0.002575844;0.003338692;0.002927829;0.004429559;0.006647138;0.007055661;0.003344482;0.001406223;0.005394737;0.002711574;0.004811899;0.003371648;0.003783273;0.005778259;0.005938883;0.00466465;0.005395683;0.001551481;0.003010915;0.005920663;0.004200727;0.005479801;0.004418804;0.005926902;0.004611723;0.004591368;0.004579025;0.005427975;0.004961021;0.003849393;0.002816901;0.002653631;0.003970223;0.005209761;0.004961116;0.002772003;0.000195925;0.003608332;0.00044238;0.003642786;0.001731602;0.004136643
9;0.008884996;0.006734007;0.001687194;0.003779487;0.000575705;0.001086957;0.007134894;0;0.001972109;0.005861395;0.004638119;0.001932224;0.001504262;0.003782042;0.005390836;0.004863582;0.008391902;0.005080154;0.005934398;0.00515918;0;0.004283878;0.006134969;0.000202184;0.00248315;0.00342827;0.009069165;0.006561541;0.002654744;0.005269024;0.004827031;0.003446515;0.005681031;0.002202643;0.008253779;0.006076975;0.003685504;0.005756277;0.007027156;0.004727175;0.002420209;0.006549503;0.006124336;0.000517509;0.007257704;0.002684776;0.001392973;0.002577984;0.005966151;0.003074434;0.003814298;0.001185838;0.003980236;0.00702275;0;0.004768717;0.004559054;0.002249357;0.006836708;0.004999457;0.00462963;0.001051893;0.002813379;0.005618747;0.004070951;0.006470516;0.002200825;0.00334688;0.004224757;0.004404824;0.008757526;0.008483794;0.005038109;0.002347812;0.006224593;0.00453733;0.005949851;0.004265961;0.00351471;0.006644906;0.007559849;0.005362584;0.007206814;0.00108504;0.002322673;0.007694074;0.003629564;0.006777572;0.004510386;0.006500426;0.004140491;0.004174573;0.007541264;0.007931666;0.00722063;0.006417736;0.003436426;0.00241903;0.005702519;0.00674514;0.005171299;0.006428284;0.000185736;0.003135288;0.000208247;0.006119163;0.003752606;0.00360036
10;0.004111701;0.005593649;0.000535619;0.005116024;0;0;0.003082795;0.001972109;0;0.004138565;0.003527088;0.001765225;0.001585205;0.004857316;0.002478079;0.002077673;0.006381534;0.003293413;0.003522615;0.004513105;0;0.004991681;0.002829355;0.000364299;0.001741655;0.002037792;0.005583756;0.003156306;0.00161063;0.004423627;0.004915515;0.003012582;0.002378593;0.001441268;0.003286148;0.003414218;0.004402224;0.002000333;0.003852327;0.003448276;0.002037582;0.003717472;0.004322322;0.00083426;0.004122497;0.003143894;0.001877494;0.003237992;0.003144654;0.002256205;0.005306181;0.002161578;0.004320503;0.002009041;0;0.003060567;0.00165221;0.00497884;0.00238795;0.002418552;0.003925417;0.001712818;0.001187648;0.004301075;0.002129925;0.00265472;0.00295858;0.00389042;0.003051882;0.003810561;0.005447248;0.003690561;0.003597769;0.001591512;0.004213483;0.002946955;0.004700677;0.003470716;0.002183406;0.002961808;0.004755435;0.00331785;0.003572449;0.002128071;0.003532529;0.002439768;0.005372441;0.003699344;0.00192;0.003185154;0.004364997;0.006844507;0.00184767;0.004167209;0.005495344;0.002496879;0.003201537;0.004009929;0.004115226;0.00408239;0.004686373;0.003967504;0.0009431;0.003585943;0.001539646;0.004904709;0.002996404;0.00340197
11;0.009285426;0.005296905;0.000372232;0.003372681;0.000430108;0.001816347;0.003197158;0.005861395;0.004138565;0;0.004245554;0.004388817;0.002770083;0.008090368;0.006566467;0.006746436;0.00577842;0.005545509;0.005624426;0.003649142;0;0.004189944;0.004810997;0.000684619;0.001377139;0.005707763;0.00493905;0.004941044;0.002121212;0.008295626;0.006149305;0.00592613;0.002995806;0.003455425;0.005881735;0.005707297;0.004878049;0.003805275;0.005862113;0.005115463;0.002313667;0.003942029;0.007545769;0.001912777;0.004631829;0.003816132;0.004932812;0.004174784;0.004042248;0.003381986;0.00581463;0.00300075;0.004462294;0.0045953;0;0.00357234;0.003091668;0.003713528;0.005811481;0.004278446;0.001923077;0.003117693;0.003084304;0.008333333;0.005388273;0.00787195;0.002833706;0.003845168;0.005818405;0.004009355;0.004061267;0.006470996;0.006694561;0.004451864;0.003956344;0.006867722;0.004058625;0.006425703;0.00477998;0.005730659;0.005341643;0.003393813;0.005922657;0.004270987;0.003977725;0.004402593;0.003280609;0.00674871;0.005856143;0.006230177;0.003722662;0.005452563;0.002460403;0.00591716;0.004272983;0.004359741;0.003044912;0.00378402;0.004513105;0.004130466;0.00655875;0.006951484;0.001245589;0.002748669;0.000235849;0.00939505;0.003465421;0.004159157
12;0.003985056;0.006082568;0.001687194;0.004041194;0.001921599;0.001812908;0.005341643;0.004638119;0.003527088;0.004245554;0;0.003871929;0.000835143;0.003641457;0.003497444;0.005340612;0.006491467;0.004739871;0.005825871;0.00591865;0;0.003997145;0.003953577;0;0.00017696;0.002899315;0.004563945;0.006135618;0.003215434;0.004454794;0.005058053;0.004472272;0.002763194;0.002360346;0.004756714;0.003849856;0.003223331;0.005263802;0.004037525;0.003778168;0.003482738;0.006000436;0.004731133;0.002073255;0.003783242;0.002209945;0.002634434;0.004520212;0.004864996;0.003399158;0.006666667;0.001864723;0.004393794;0.005630186;0;0.004170142;0.004702194;0.001444855;0.003012443;0.004562738;0.003508212;0.000876424;0.002813379;0.003144224;0.00261324;0.004508347;0.001512027;0.004908416;0.002530578;0.004931794;0.005016905;0.005748997;0.00477851;0.002684113;0.003293224;0.002469813;0.00434921;0.003232917;0.003122967;0.005589845;0.005343112;0.003772207;0.004574167;0.001356668;0.001070664;0.005730659;0.003960832;0.00393217;0.003676471;0.005108013;0.003567352;0.004301619;0.00368533;0.005477785;0.005607049;0.006535185;0.003793267;0.002958182;0.00300158;0.003427366;0.003873467;0.003873898;0.00037154;0.002663742;0.000208247;0.005687306;0.003055556;0.003471329
13;0.002008032;0.001733436;0.000892591;0.004701273;0.001516875;0.000338753;0.002482545;0.001932224;0.001765225;0.004388817;0.003871929;0;0.001757984;0.003934426;0.003284746;0.003573252;0.002849003;0.003965107;0.003568243;0.001850139;0;0.004504505;0.003028582;0;0.002931596;0.002188619;0.002256138;0.003181029;0.003269398;0.002866112;0.002599935;0.004750143;0.002139037;0.004231685;0.004114134;0.002679939;0.001263264;0.002488889;0.002556673;0.002885408;0.003465347;0.003017502;0.001469388;0.001551831;0.003267465;0.004255319;0.002057084;0.005408538;0.00335097;0.001657459;0.003022061;0.002102102;0.002536998;0.001843561;0;0.002568493;0.002462503;0.002187585;0.002563091;0.004969131;0.002155172;0.001276732;0.003132341;0.001471206;0.001155268;0.00318415;0.002552648;0.002410883;0.003964758;0.004157706;0.005754088;0.003144654;0.002309913;0.002060642;0.003377111;0.002329521;0.00261742;0.002828854;0.003713113;0.003974826;0.002569593;0.003004064;0.001958421;0.002920317;0.001979545;0.004535147;0.003369066;0.004126301;0.004947961;0.003211679;0.004278316;0.002616333;0.001777778;0.001911263;0.00371447;0.002152674;0.003062787;0.004316547;0.004255319;0.004785643;0.003665831;0.002230785;0.001424501;0.003672613;0;0.002654476;0.002804142;0.002490899
14;0.000633312;0.001349528;0.000765404;0.002747253;0;0.000908265;0.001402525;0.001504262;0.001585205;0.002770083;0.000835143;0.001757984;0;0.001041667;0.001209775;0.000777454;0.002070723;0.001255831;0.001000834;0.001717475;0;0.000809061;0.000879894;0.001232286;0.002150538;0.001635132;0.002062159;0.001456311;0.001299039;0.001669702;0.002218525;0.002650762;0.001781624;0.001643115;0.0010279;0.001973499;0.002808112;0.000818666;0.00175644;0.001703163;0.001211754;0.001528014;0.001301599;0;0.001933896;0;0.00222859;0.001798561;0.002028398;0.002089864;0.002382979;0.001547988;0.003014318;0.001167713;0;0.001569243;0.001342642;0.000686342;0.000923361;0.002538071;0.001685772;0.000838223;0.002917342;0.000498256;0;0.002035831;0.001262945;0.002966185;0.001051248;0.002082666;0.000849185;0.001009421;0.001797753;0.00037679;0.000435066;0.001760121;0.001140251;0.000856653;0.00136955;0.001319261;0.002076346;0.00203376;0.001867255;0.002717391;0;0.001837222;0.00241838;0.00206697;0.00214425;0.001799738;0.001889849;0.001736111;0.000798722;0.001367573;0.003856749;0.000943752;0.00351014;0.003395586;0.000661157;0.001634368;0.001124101;0.00071599;0;0.002933507;0;0.001655629;0.002570694;0.00245975
15;0.005611291;0.004642857;0.001321353;0.003795409;0.000326264;0.001185536;0.004962055;0.003782042;0.004857316;0.008090368;0.003641457;0.003934426;0.001041667;0;0.007014218;0.006847134;0.004440258;0.005208333;0.005465247;0.004299226;0;0.002874153;0.003330412;0.000357398;0.000856898;0.004782929;0.005419713;0.004365025;0.001793186;0.007126198;0.003652412;0.008295094;0.004126547;0.003326996;0.003894472;0.003027734;0.006652902;0.00231405;0.005420054;0.004938272;0.002461952;0.003831961;0.008301307;0.003848268;0.004384042;0.004303132;0.003249768;0.006975496;0.003611293;0.005210918;0.004122832;0.004807692;0.003495824;0.0039995;0;0.003836317;0.004507273;0.00245098;0.004741065;0.004812456;0.003146176;0.003945885;0.00329102;0.004451326;0.005069708;0.00560871;0.001559454;0.004018647;0.004029821;0.003647663;0.003550128;0.003663004;0.004817128;0.002356021;0.004873803;0.006046421;0.004390779;0.004292767;0.00469738;0.003247758;0.004314995;0.002794214;0.005113636;0.001147886;0.003478261;0.004243067;0.003740469;0.004336224;0.005093108;0.003713893;0.006179197;0.003814147;0.001827782;0.003360041;0.002566813;0.004030383;0.003652533;0.003021719;0.008159347;0.002568807;0.006979241;0.005998126;0.000927644;0.003067485;0.00037679;0.00528806;0.003163306;0.003192055
16;0.007792208;0.002031144;0.000980633;0.003087479;0;0.000272405;0.004055377;0.005390836;0.002478079;0.006566467;0.003497444;0.003284746;0.001209775;0.007014218;0;0.006387833;0.00271388;0.003845058;0.005248991;0.0029431;0;0.003682171;0.00450676;0.00064704;0.001846479;0.004537522;0.003762136;0.004196721;0.002637528;0.006236747;0.002765648;0.006366225;0.001853912;0.002886964;0.005461165;0.004450691;0.00472103;0.006809184;0.008710269;0.004496403;0.001468737;0.004088865;0.007349699;0.002795426;0.003781513;0.002900491;0.003260161;0.001860308;0.005491919;0.003696004;0.003136079;0.003463632;0.00515369;0.003132153;0;0.002745577;0.003088207;0.003892833;0.007988885;0.003801765;0.002937189;0.002600104;0.002196837;0.007532611;0.004973145;0.006140765;0.002214022;0.003683241;0.006292906;0.001426349;0.00518913;0.005966911;0.003896324;0.000971109;0.004470199;0.005533014;0.003955696;0.007904337;0.003427592;0.007428317;0.004802077;0.003137255;0.004360861;0.002539452;0.006161264;0.004499274;0.003588682;0.007497208;0.003644647;0.003304256;0.00387672;0.002967359;0.003262956;0.003861966;0.004345307;0.004003559;0.001514234;0.003221765;0.00762161;0.005061965;0.006117247;0.004970708;0.001418037;0.002426114;0.000339213;0.007774799;0.004303087;0.002695872
17;0.006412937;0.003184252;0.000196348;0.003071073;0.000686813;0.001497006;0.002938656;0.004863582;0.002077673;0.006746436;0.005340612;0.003573252;0.000777454;0.006847134;0.006387833;0;0.004351809;0.004111125;0.002838221;0.003652198;0;0.002266839;0.002996575;0;0.001249219;0.005497771;0.006069803;0.004403244;0.002374169;0.006207049;0.004961201;0.005156116;0.001092385;0.003996367;0.005734069;0.005981112;0.006363797;0.004772293;0.007678051;0.005641104;0.002426343;0.004195134;0.006269994;0.001616488;0.004668305;0.003279883;0.00428342;0.005072464;0.004060089;0.003184117;0.005165165;0.003565062;0.004968944;0.003978067;0;0.002511234;0.003394214;0.003347592;0.006795686;0.004662283;0.003313697;0.001852614;0.001257636;0.006820648;0.002480159;0.005980699;0.001554485;0.004656732;0.00608;0.003216173;0.00383693;0.00405003;0.005508045;0.001170047;0.003971631;0.005757859;0.00395763;0.00436388;0.00541807;0.005030311;0.005052245;0.003387075;0.007331731;0.005536758;0.002945508;0.004432063;0.004487568;0.00562723;0.004349545;0.005141388;0.00405515;0.00311042;0.003377835;0.005766885;0.004678806;0.005816208;0.003685665;0.003488548;0.005845817;0.003706999;0.003038634;0.006942348;0.001322751;0.003612717;0;0.008156028;0.00535855;0.003025501
18;0.005895091;0.005981308;0.001928021;0.004141566;0.000362911;0.000171703;0.008536849;0.008391902;0.006381534;0.00577842;0.006491467;0.002849003;0.002070723;0.004440258;0.00271388;0.004351809;0;0.006342957;0.005854066;0.006192326;0;0.003421377;0.004795868;0.000381388;0.000672608;0.004445009;0.009002033;0.006463527;0.003355705;0.004620073;0.005225125;0.004802364;0.005856515;0.001652148;0.005490801;0.005906619;0.004556143;0.007815275;0.006669733;0.002851218;0.002170453;0.006129782;0.006256983;0.00032803;0.007894452;0.003320254;0.003409428;0.004352151;0.007413509;0.002313744;0.004223865;0.002259887;0.003426463;0.005854689;0;0.00448895;0.002454992;0.002146252;0.005814688;0.005689001;0.002738059;0.001166278;0.003287016;0.006722911;0.003481894;0.005887201;0.002908899;0.003810624;0.00759425;0.005088541;0.007732232;0.007155635;0.003851889;0.001915709;0.004030781;0.003960396;0.00888338;0.004794134;0.003508772;0.003933026;0.005385084;0.004937691;0.008044882;0.002349256;0.001695203;0.00811021;0.004583733;0.00498398;0.004701296;0.007652534;0.004108463;0.004267252;0.003945041;0.004525332;0.007092985;0.007223476;0.002515723;0.003232898;0.003926306;0.00393401;0.005604683;0.005792251;0.00105671;0.003445693;0.000588351;0.007710743;0.004541205;0.00383996
19;0.005784146;0.007388152;0.001086957;0.004685132;0.000833507;0.000586854;0.005597668;0.005080154;0.003293413;0.005545509;0.004739871;0.003965107;0.001255831;0.005208333;0.003845058;0.004111125;0.006342957;0;0.006437041;0.0062417;0;0.003485377;0.004442649;0.000882613;0.001146132;0.004324777;0.009876287;0.006080708;0.002519265;0.004648215;0.006037189;0.004313831;0.003076472;0.000839772;0.005166357;0.00481396;0.00196303;0.005283505;0.006884466;0.002138885;0.001127396;0.004561003;0.006673947;0.002418155;0.006664328;0.001349073;0.001322096;0.003952031;0.005635968;0.001384083;0.00513992;0.002552416;0.005241701;0.007943877;0;0.003002627;0.002415459;0.002753399;0.003600609;0.004775984;0.003754266;0.002080182;0.002169559;0.00449536;0.002624267;0.006036476;0.002478857;0.00389839;0.003434374;0.005264312;0.005826574;0.008880792;0.0053206;0.003063615;0.005893383;0.004809094;0.005328005;0.0025;0.003299423;0.006609547;0.007679649;0.005516357;0.005591054;0.002300834;0.001541129;0.005167648;0.003570195;0.004011387;0.004867091;0.007584207;0.001663894;0.004805767;0.00315837;0.007849793;0.007941283;0.005754867;0.002987676;0.003559732;0.00337952;0.004884175;0.003953647;0.005804899;0.000402253;0.003351206;0.001139731;0.009576386;0.003831982;0.003256445
20;0.004605427;0.006205559;0.001684636;0.003252667;0.000191498;0.000361468;0.007576602;0.005934398;0.003522615;0.005624426;0.005825871;0.003568243;0.001000834;0.005465247;0.005248991;0.002838221;0.005854066;0.006437041;0;0.006418324;0;0.005425471;0.002926953;0;0.000707089;0.003027909;0.009061038;0.005810882;0.003211393;0.004857316;0.004706693;0.00485189;0.004284135;0.001412873;0.005250124;0.005877818;0.001836828;0.005749939;0.004986939;0.001613771;0.001962857;0.005884917;0.005421617;0.001551724;0.005903977;0.002680965;0.002475631;0.004903859;0.00547046;0.003718674;0.003046127;0.001861882;0.00356262;0.007215578;0;0.005482064;0.002271437;0.002085338;0.00709313;0.004449267;0.003183699;0.00122549;0.002652934;0.005611826;0.003774133;0.004136756;0.003024887;0.002624985;0.005350605;0.004505921;0.00764693;0.007599609;0.007371961;0.00318418;0.004942339;0.004531722;0.005197285;0.004407875;0.003380135;0.006872452;0.008293093;0.005479118;0.006211857;0.001898048;0.003213712;0.005149331;0.003074896;0.00565597;0.002840909;0.007781686;0.003133903;0.003916119;0.005103487;0.005269024;0.008598945;0.005590496;0.002720606;0.002819927;0.003630624;0.004216629;0.00464636;0.006285944;0;0.003445036;0.000831947;0.008059317;0.003330096;0.003338469
21;0.005073113;0.004674353;0.003263708;0.004569088;0.000772201;0.000714796;0.004692388;0.00515918;0.004513105;0.003649142;0.00591865;0.001850139;0.001717475;0.004299226;0.0029431;0.003652198;0.006192326;0.0062417;0.006418324;0;0;0.004046446;0.00414174;0;0.001388889;0.003032721;0.004108182;0.003801815;0.003602676;0.00432344;0.004877388;0.004457424;0.005083023;0.002384738;0.006165087;0.004634738;0.005015432;0.003790087;0.003236701;0.002295458;0.005882353;0.004836452;0.004901293;0.002689377;0.005356676;0.002995208;0.003315779;0.004046063;0.004926108;0.001438553;0.004842615;0.003063457;0.002175368;0.004993758;0;0.004810413;0.001574528;0.001427115;0.003645586;0.003420319;0.003029079;0.000913242;0.003351074;0.003003003;0.001795332;0.003044802;0.003535949;0.003264727;0.003804254;0.005238791;0.005865103;0.005313765;0.003264418;0.003019193;0.003957984;0.002850914;0.006054615;0.005299708;0.004722178;0.002743861;0.004860267;0.002752028;0.004451227;0.00314778;0.003278689;0.004856333;0.004119995;0.004845104;0.003656307;0.006196555;0.002635278;0.003795354;0.003312413;0.005386417;0.006202805;0.003161078;0.004500703;0.003600065;0.005605606;0.004956035;0.004517134;0.004381694;0;0.003560831;0.000287687;0.005121799;0.005800068;0.003873567
22;0;0;0;0;0;0;0;0;0;0;0;0;0;0;0;0;0;0;0;0;NA;0;0;0;0;0;0;0;0;0;0;0;0;0;0;0;0;0;0;0;0;0;0;0;0;0;0;0;0;0;0;0;0;0;NA;0;0;0;0;0;0;0;0;0;0;0;0;0;0;0;0;0;0;0;0;0;0;0;0;0;0;0;0;0;0;0;0;0;0;0;0;0;0;0;0;0;0;0;0;0;0;0;0;0;0;0;0;0
23;0.002080083;0.003287671;0.003017833;0.004260837;0.000682361;0.000616713;0.004312909;0.004283878;0.004991681;0.004189944;0.003997145;0.004504505;0.000809061;0.002874153;0.003682171;0.002266839;0.003421377;0.003485377;0.005425471;0.004046446;0;0;0.004491556;0;0.00327381;0.001315295;0.004224811;0.001940133;0.002457506;0.003414762;0.004508006;0.002875629;0.004845548;0.002451581;0.004217252;0.003942343;0.001412097;0.004403048;0.002761085;0.001942502;0.002768805;0.004923255;0.002808989;0.001993166;0.004171633;0.003700962;0.003593675;0.003651634;0.002010387;0.001789824;0.003620565;0.002209334;0.003388479;0.003302007;0;0.004247672;0.00505689;0.003550596;0.001676602;0.004614941;0.004004004;0.001167883;0.001695736;0.002776125;0.001732727;0.004717776;0.002403365;0.004931777;0.002066116;0.004543577;0.005510441;0.00416547;0.004200146;0.001626016;0.002132196;0.00319425;0.004051411;0.00154219;0.003512664;0.002682657;0.002466767;0.00302521;0.002888921;0.001571092;0.002107164;0.004796534;0.003077825;0.004605937;0.002757502;0.00308037;0.005501481;0.003192055;0.00229693;0.002496059;0.005097312;0.003003953;0.003243068;0.004461688;0.002464268;0.004901037;0.005306496;0.002681992;0;0.004635277;0;0.002686652;0.002637987;0.003998546
24;0.005467801;0.006037496;0.002006242;0.002241435;0.000530504;0.000489956;0.005163511;0.006134969;0.002829355;0.004810997;0.003953577;0.003028582;0.000879894;0.003330412;0.00450676;0.002996575;0.004795868;0.004442649;0.002926953;0.00414174;0;0.004491556;0;0;0.000713097;0.004233149;0.005675237;0.004356485;0.002622836;0.003075831;0.004678684;0.003595997;0.00206754;0.001422475;0.004156564;0.00346098;0.003941663;0.007590415;0.005159811;0.002339963;0.001351873;0.004001033;0.005118982;0.000918695;0.003575212;0.002451481;0.001793186;0.003961337;0.003383846;0.002528978;0.002322281;0.001344688;0.003245644;0.00402114;0;0.002295552;0.002502234;0.000625913;0.002742378;0.002955538;0.002272727;0.00140779;0.001610954;0.004771643;0.004965974;0.004281707;0.001199246;0.002017873;0.005478968;0.001970686;0.002967742;0.006814967;0.002530845;0.001767175;0.004184749;0.002907474;0.004757136;0.002793296;0.00159821;0.00446865;0.004805915;0.002208481;0.002060263;0.000673968;0.002163982;0.005071272;0.004313725;0.00568012;0.002141022;0.005654687;0.003409907;0.004018547;0.004632104;0.004983389;0.005612594;0.005459127;0.002282454;0.001498003;0.002042067;0.004395247;0.003326996;0.005463576;0.000253678;0.002832288;0;0.005834602;0.002428026;0.001731738
25;0;0.000881316;0.001914486;0.00029994;0;0;0.000214316;0.000202184;0.000364299;0.000684619;0;0;0.001232286;0.000357398;0.00064704;0;0.000381388;0.000882613;0;0;0;0;0;0;0;0.000617093;0.000173702;0;0.001069138;0.001803752;0.000228571;0.000572738;0.000692281;0.0004995;0.000693481;0.000329979;0;0.000260146;0.000244678;0.000325627;0.00177305;0.00103114;0.000922509;0.001397624;0;0;0;0.000293255;0;0;0.000413052;0;0.001018676;0;0;0.000246305;0;0.001605996;0;0.002053388;0.001039501;0;0;0.000673627;0.000394011;0;0.001028807;0.000745527;0;0;0.000206313;0.00081616;0.000879765;0;0;0.000680967;0.000588466;0;0.000598802;0.000468823;0;0.000773395;0.000411946;0.001328904;0;0.000453926;0.000630915;0.000526177;0.000732959;0.000394011;0;0.000560381;0.000368596;0.000180375;0.00067904;0.000234907;0;0.000971188;0.000504796;0;0;0.000953895;0;0.000985222;0;0.00019984;0.000350385;0
26;0.000454752;0.002193517;0.000439754;0.00248139;0.000644745;0;0.000372439;0.00248315;0.001741655;0.001377139;0.00017696;0.002931596;0.002150538;0.000856898;0.001846479;0.001249219;0.000672608;0.001146132;0.000707089;0.001388889;0;0.00327381;0.000713097;0;0;0.001014199;0.000774234;0.000684346;0.001424907;0.001920922;0.002169625;0.000953516;0.001113586;0.001109057;0.001701206;0.002072846;0.002441577;0.002423441;0.000208681;0.000794913;0.002027712;0.002524797;0.000396589;0.000467946;0.000933881;0.000372301;0.002141328;0.002679659;0.002615519;0.000394322;0.001263082;0.001336303;0.000821918;0.001536334;0;0.001891949;0.001181684;0.001165954;0.000500751;0.002692998;0.002285714;0.000977517;0.002548234;0.001089325;0.000616903;0.001530055;0.0008285;0.001481481;0.000865551;0.002202643;0.002527532;0.001070664;0.000485909;0.002164502;0.001410769;0.000549149;0.000689417;0.000316056;0.000494438;0.001611279;0.000674536;0.00065445;0.000899766;0.001885776;0.000513611;0.001370936;0.002569279;0.001332741;0.001042535;0.000692161;0.001485443;0.002344116;0.002345353;0.001121256;0.001367455;0.000806614;0.00104145;0.001054574;0.001117735;0.001775298;0.001704822;0.001559657;0;0.002196997;0;0.001403016;0.001688239;0.001934704
27;0.007287706;0.004301787;0.00094585;0.003177789;0.000855432;0.00052356;0.001502938;0.00342827;0.002037792;0.005707763;0.002899315;0.002188619;0.001635132;0.004782929;0.004537522;0.005497771;0.004445009;0.004324777;0.003027909;0.003032721;0;0.001315295;0.004233149;0.000617093;0.001014199;0;0.003216583;0.003599434;0.001830831;0.003296703;0.003850542;0.004568445;0.003251445;0.001717475;0.003091925;0.002412407;0.004782699;0.004786166;0.005061784;0.005611082;0.000813173;0.004946524;0.005455851;0.001956947;0.00356604;0.002373759;0.002946128;0.003137903;0.003059039;0.003124303;0.005222282;0.001667064;0.005916099;0.003314002;0;0.002235803;0.003377744;0.00287547;0.003708699;0.004260418;0.002840909;0.002251689;0.001487779;0.005712246;0.007358637;0.004608295;0.000717103;0.002397363;0.007051401;0.003185525;0.004547278;0.004913026;0.004795766;0.000702576;0.004524156;0.005203661;0.003749192;0.00510104;0.003174073;0.003910776;0.004838299;0.001990202;0.003335557;0.002295198;0.001281723;0.005117271;0.001890104;0.003569766;0.002818991;0.004281266;0.002445448;0.002089696;0.000558243;0.004036697;0.003399433;0.003188868;0.001480604;0.003137528;0.00389021;0.004591056;0.004134965;0.00466805;0.001360174;0.002134472;0.000322789;0.005112072;0.003090347;0.001641767
28;0.005553037;0.005740394;0.001632774;0.004246785;0.000830565;0.00078964;0.006543298;0.009069165;0.005583756;0.00493905;0.004563945;0.002256138;0.002062159;0.005419713;0.003762136;0.006069803;0.009002033;0.009876287;0.009061038;0.004108182;0;0.004224811;0.005675237;0.000173702;0.000774234;0.003216583;0;0.007515861;0.002132999;0.00599925;0.007380852;0.004517549;0.004731665;0.001813616;0.005232718;0.008523237;0.003551427;0.008381761;0.007940825;0.003161479;0.002155753;0.004707061;0.008049142;0.001818457;0.007686789;0.001398601;0.002616359;0.004796444;0.00598736;0.002431002;0.003303634;0.002386279;0.007313747;0.00918105;0;0.004785209;0.002934048;0.00199005;0.005819477;0.003892604;0.002823264;0.001843601;0.002079867;0.007043994;0.005341324;0.004214262;0.002972873;0.002832553;0.008507937;0.005322752;0.007536931;0.0085017;0.005736362;0.001918819;0.005295878;0.006198091;0.006659485;0.003943218;0.002824859;0.008541533;0.009506257;0.007450239;0.006015038;0.002447381;0.002341555;0.008203618;0.005769815;0.005260801;0.005529654;0.007168811;0.00319734;0.004016525;0.004071247;0.007232763;0.005657412;0.006506667;0.0030267;0.002181289;0.004912281;0.00537121;0.005386417;0.008600848;0.001131039;0.002224076;0.000178158;0.006523673;0.003247159;0.003026775
29;0.004989048;0.006439394;0.001305909;0.002792941;0.000184843;0.000874432;0.005774679;0.006561541;0.003156306;0.004941044;0.006135618;0.003181029;0.001456311;0.004365025;0.004196721;0.004403244;0.006463527;0.006080708;0.005810882;0.003801815;0;0.001940133;0.004356485;0;0.000684346;0.003599434;0.007515861;0;0.000950312;0.004168321;0.003367003;0.003237052;0.004310926;0.001830664;0.004372753;0.005202421;0.003876547;0.007307139;0.004761352;0.00262605;0.001320616;0.003837135;0.006556636;0.001001502;0.008313279;0.002910985;0.002707174;0.002388135;0.005109316;0.00219367;0.002878158;0.001968827;0.00347315;0.005717608;0;0.006417736;0.002767017;0.0024926;0.006148328;0.003719843;0.002316602;0.00050813;0.00257732;0.005471044;0.003532071;0.003208937;0.002142761;0.002684407;0.004523646;0.004006163;0.008680742;0.006697852;0.00440695;0.000972763;0.006571606;0.004283228;0.005618562;0.004433004;0.003172186;0.00661044;0.006267982;0.004758506;0.006409572;0.003177125;0.00241671;0.006619544;0.002257822;0.00432121;0.002662962;0.004584288;0.003052164;0.003206314;0.00344685;0.005170528;0.005145989;0.007077626;0.002777456;0.003013232;0.0044499;0.004243827;0.004662886;0.003905233;0.001255605;0.001518372;0;0.006945175;0.002025932;0.003511412
30;0.001860308;0.003025449;0.003433703;0.002161383;0.001302083;0.000590667;0.002179916;0.002654744;0.00161063;0.002121212;0.003215434;0.003269398;0.001299039;0.001793186;0.002637528;0.002374169;0.003355705;0.002519265;0.003211393;0.003602676;0;0.002457506;0.002622836;0.001069138;0.001424907;0.001830831;0.002132999;0.000950312;0;0.00464696;0.00425726;0.002452268;0.002938296;0.001419782;0.003763643;0.002660218;0.003651301;0.003966942;0.002062183;0.00170068;0.000891862;0.004111143;0.001982916;0.000546448;0.00408461;0.002141837;0.001618497;0.002132196;0.002291326;0.00073928;0.002835673;0.000530504;0.002129307;0.00411985;0;0.00223072;0.001835237;0.002199951;0.002178649;0.00352908;0.00313858;0.000560224;0.001404494;0.00173377;0.001891154;0.002627258;0.000972195;0.003046336;0.001604814;0.004727175;0.004114642;0.001825586;0.001953472;0.002611648;0.002600555;0.001744524;0.002050581;0.001495088;0.002699784;0.002468755;0.002419355;0.003118844;0.003256407;0.002869166;0.000576369;0.002870958;0.00315865;0.002659574;0.006204263;0.002744614;0.002457506;0.002246414;0.002636917;0.002708629;0.001958716;0.003713446;0.002216593;0.002071563;0.001903402;0.001830161;0.002133333;0.00111711;0.000924784;0.00164551;0.000751033;0.00332871;0.002959164;0.003541704
500;0.008727019;0.005880941;0.00122399;0.004351505;0.001376226;0.001960464;0.003748048;0.005269024;0.004423627;0.008295626;0.004454794;0.002866112;0.001669702;0.007126198;0.006236747;0.006207049;0.004620073;0.004648215;0.004857316;0.00432344;0;0.003414762;0.003075831;0.001803752;0.001920922;0.003296703;0.00599925;0.004168321;0.00464696;0;0.006133649;0.005820169;0.005111821;0.004173863;0.006273996;0.006933674;0.003653225;0.005701904;0.008121037;0.00575;0.003189571;0.004805235;0.005397237;0.002660407;0.00679703;0.003896666;0.004827488;0.005395683;0.003394049;0.002947244;0.00687109;0.004160247;0.003419886;0.004937122;0;0.00422363;0.00288109;0.002489748;0.006699147;0.005818108;0.003052769;0.001903251;0.001854494;0.007992895;0.004411765;0.009351123;0.003049943;0.004463788;0.004804571;0.004438308;0.006455579;0.006623191;0.006480259;0.003505563;0.005778983;0.005080655;0.005790157;0.004187492;0.006292352;0.003583451;0.004726736;0.005449591;0.005420331;0.004022122;0.002903694;0.004389252;0.006723906;0.007345346;0.004207263;0.006508461;0.006852926;0.005057633;0.002346806;0.004008781;0.006319623;0.004570185;0.004204935;0.004733433;0.003028118;0.003908636;0.005035971;0.006069615;0.000668003;0.004156514;0;0.009918024;0.005781089;0.004897862
501;0.003751842;0.006567915;0.001119403;0.004507677;0.001078051;0.002630514;0.0057041;0.004827031;0.004915515;0.006149305;0.005058053;0.002599935;0.002218525;0.003652412;0.002765648;0.004961201;0.005225125;0.006037189;0.004706693;0.004877388;0;0.004508006;0.004678684;0.000228571;0.002169625;0.003850542;0.007380852;0.003367003;0.00425726;0.006133649;0;0.005794702;0.004204836;0.001727414;0.004619908;0.003664868;0.005732591;0.004205546;0.00433121;0.004387248;0.00397878;0.006047918;0.006556971;0.001724138;0.007391512;0.001733703;0.003743406;0.004040123;0.003653921;0.003745318;0.004067403;0.003948853;0.004617906;0.006177364;0;0.005117053;0.004028509;0.002831357;0.006247338;0.006963788;0.00333158;0.003319016;0.001885499;0.004154919;0.002690725;0.005108724;0.004637941;0.006691545;0.006289308;0.006481895;0.005818013;0.004618404;0.005018821;0.002410532;0.004647348;0.00507387;0.004516202;0.004173355;0.006060606;0.004484305;0.00613155;0.003266693;0.005695026;0.00398054;0.001590141;0.005392157;0.004816164;0.004627181;0.004454626;0.006008389;0.005758755;0.004225736;0.005094951;0.005057026;0.007232165;0.005493134;0.002921006;0.004667445;0.003473428;0.004995718;0.003342618;0.005211349;0.002707769;0.003270787;0;0.00525414;0.00635497;0.004164353
503;0.004407295;0.004609027;0.000892857;0.00401671;0.002398721;0.002954937;0.00410596;0.003446515;0.003012582;0.00592613;0.004472272;0.004750143;0.002650762;0.008295094;0.006366225;0.005156116;0.004802364;0.004313831;0.00485189;0.004457424;0;0.002875629;0.003595997;0.000572738;0.000953516;0.004568445;0.004517549;0.003237052;0.002452268;0.005820169;0.005794702;0;0.00432526;0.004904966;0.007072464;0.003801856;0.004942665;0.004159857;0.008062194;0.005205709;0.002130544;0.003617571;0.007779939;0.002768166;0.004913026;0.002251791;0.004605527;0.003331218;0.005166814;0.003807107;0.005052468;0.004960541;0.004627249;0.003103092;0;0.005043228;0.00502693;0.007156388;0.007959714;0.006976744;0.006864989;0.003536068;0.002423753;0.006499059;0.003681207;0.005329386;0.003095443;0.007109692;0.002825857;0.004575244;0.005831282;0.005788526;0.00620229;0.00332668;0.004347826;0.006881129;0.005015674;0.005613772;0.007083065;0.006023253;0.003203154;0.003099631;0.005694319;0.003215434;0.001928175;0.004389575;0.006427916;0.006442913;0.003722795;0.006168954;0.00450045;0.005582261;0.003924367;0.003678215;0.009079653;0.005185704;0.005158332;0.002838537;0.006372045;0.005058747;0.007971939;0.004473902;0.002038736;0.004060089;0.000597372;0.008918334;0.008390142;0.003792668
504;0.003341129;0.003686151;0.001548387;0.002485795;0.000633714;0.000288268;0.00475162;0.005681031;0.002378593;0.002995806;0.002763194;0.002139037;0.001781624;0.004126547;0.001853912;0.001092385;0.005856515;0.003076472;0.004284135;0.005083023;0;0.004845548;0.00206754;0.000692281;0.001113586;0.003251445;0.004731665;0.004310926;0.002938296;0.005111821;0.004204836;0.00432526;0;0.00232342;0.003102507;0.003836011;0.004259135;0.00489716;0.002663742;0.002794337;0.001753233;0.004204625;0.002562557;0.00187316;0.003457715;0.002803083;0.002953874;0.003507541;0.002746809;0.002177068;0.002662556;0.002862347;0.003625954;0.003954034;0;0.002359604;0.003818328;0.002156722;0.004662841;0.002229965;0.003077652;0.00109589;0.002529317;0.003991637;0.003517484;0.003567953;0.003068661;0.002372292;0.003361012;0.0028;0.005336329;0.006415621;0.002276309;0.000765697;0.004624872;0.002673797;0.004336043;0.002100399;0.001949663;0.003661327;0.003460208;0.003402463;0.002797985;0.002636038;0.001408848;0.004034668;0.00569071;0.002952756;0.004074596;0.004076641;0.00383219;0.004783054;0.004196643;0.003705123;0.003877125;0.003973712;0.002658327;0.002597885;0.003506311;0.005428882;0.004037921;0.00201909;0.001203008;0.001845444;0.000364166;0.002466429;0.004667445;0.002441151
