hens;91;92;93;94;95;97;98;99;100;101;102;103;105;106;107;108;109;110;111;112;114;115;117;119;121;122;124;150;152;154;836;839;840;841;843;844;845;846;847;848;849;850;851;852;853;854;855;856;858;859;860;861;862;863;865;867;868;869;870;871;872;873;874;875;876;878;879;880;881;882;884;885;886;888;891;892;893;894;895;896;898;899;900;902;904;905;907;909;910;912;913;917;918;919;921;924;926;928;929;930;931;932;933;935
91;0;0.001002004;0.002593613;0.002372881;0.005008101;0;0;0.005911778;0.00719346;0;0.006842754;0.001980478;0.001582;0.005230259;0.000487567;0.002795248;0.00637149;0.004237288;0.002990095;0.004739336;0.007345226;0.006198035;0.000929368;0.000519076;0.006934058;0.007105397;0.005214274;0.00204499;0.005221519;0.003542842;0.000803536;0.000447527;0.00760353;0.001508296;0;0.005158438;0.00075815;0.001452081;0.004433888;0.003524468;0.002109334;0.000245399;0;0.003425244;0.001747946;0.007086614;0.003754907;0.003036799;0.006815969;0.007197481;0.003213802;0.004848663;0.005505133;0.006725035;0.004197424;0.001808645;0.007878577;0.005414274;0.001492042;0.002811115;0.00497595;0.002962085;0.004962446;0.002352941;0.00397088;0.004870624;0.00231448;0.00691543;0.001615248;0.003500073;0.001525262;0.000453001;0.002483315;0.003480278;0.002118345;0.002066892;0.003433897;0.000762583;0.004885993;0.007399847;0.001953125;0.00471317;0.005923681;0.004606831;0.005578282;0.010802469;0.004178072;0.001777921;0.001438553;0.003988183;0.003258714;0.004992118;0.005659615;0;0.003985552;0.004437141;0.003792135;0.00440454;0.003695231;0.003319861;0.00450197;0.004530744;0.004774146;0.00789165
92;0.001002004;0;0.000329164;0.001084991;0.000544218;0;0;0.000286615;0.000985383;0.00174216;0.000475172;0;0.000392003;0.000634115;0.004192872;0.000366166;0.001135258;0.000968054;0.00045045;0.000274952;0;0.001140901;0.000861326;0;0;0.0010699;0.001324942;0.001465201;0;0.001557286;0.002730748;0;0.000468055;0.000461894;0.001051525;0.000433088;0.001230012;0;0.00125274;0.001175917;0.000783392;0.003236246;0;0.000737735;0.000774293;0.000307882;0.000731797;0.000405186;0.00065445;0.000861326;0.000718649;0.000541859;0.000831255;0;0.000527704;0.00125523;0.000901226;0.001007049;0.002423823;0.000979912;0.001375043;0.000517598;0.000690608;0.0002442;0.001027749;0.000579039;0.001058481;0;0.001311046;0.000267809;0.000474834;0.000787402;0.000604047;0.001721763;0.000760071;0.000915332;0.000993838;0;0.000469925;0.001053741;0.00056802;0.001160093;0.000481464;0.000944882;0.000884956;0.00016603;0.000785135;0.000983929;0.000579374;0.000822368;0.001527106;0.000888889;0.001159555;0;0.000814498;0.000337268;0.001000751;0;0.002351097;0.000789058;0;0.000980713;0.000593003;0.000793651
93;0.002593613;0.000329164;0;0.002021427;0.003077975;0;0;0.003888987;0.004364694;0.0011994;0.003921569;0.001635056;0.001478665;0.002606807;0.000954198;0.003145891;0.003480139;0.003063148;0.001362398;0.005175091;0.004182226;0.001229796;0.000298507;0.000345185;0.002954899;0.00260887;0.003272377;0.002647658;0.001484781;0.002397004;0.003490401;0.001710376;0.003259351;0.002994012;0.001275104;0.003569039;0.000333111;0.001574307;0.004475942;0.004989086;0.003171918;0;0;0.003069368;0.004206984;0.004062038;0.003259984;0.002798708;0.003058689;0.003638645;0.00241838;0.004268397;0.004154405;0.002154553;0.002178284;0.003504161;0.004802077;0.003493111;0.002168342;0.003135552;0.002357564;0.004141291;0.002607762;0.003512694;0.004125737;0.002664298;0.004541632;0.00315982;0.004020678;0.002877941;0.003503854;0.001447178;0.004014599;0.003148367;0.002613098;0.004360799;0.004588432;0.001344086;0.005301731;0.004196816;0.00404289;0.005876895;0.003003478;0.002615356;0.003155285;0.003911502;0.004007347;0.003062201;0.001534527;0.006202619;0.003934426;0.005709992;0.004632489;0;0.003531572;0.002138414;0.003078918;0.002419355;0.001476793;0.002341137;0.00159417;0.00343971;0.002765869;0.003425871
94;0.002372881;0.001084991;0.002021427;0;0.002508511;0;0;0.003525701;0.000999375;0.001632387;0.001470588;0.00239685;0.003367003;0.00437868;0.0027894;0.003261756;0.001981424;0.002767296;0.001694095;0.002164502;0.002330278;0.002585888;0.000649773;0.000380807;0.001783687;0.002758913;0.002231237;0.004317789;0.000781097;0.003752345;0.004280364;0.000925926;0.002590254;0.002946955;0.000348554;0.001183992;0.000732601;0.001376462;0.004714202;0.00308642;0.004265828;0.000351247;0;0.002815071;0.002895323;0.001356589;0.001722282;0.001826901;0.000804505;0.003375747;0.00170394;0.004475474;0.002538071;0.002691388;0.003514938;0.000696379;0.002684203;0.001840114;0.002917274;0.005121159;0.003114618;0.001300052;0.003041947;0.005349381;0.001448376;0.003360717;0.003520507;0.002261656;0.003227759;0.004442075;0.00399102;0.003145643;0.002491376;0.001867995;0.002734108;0.001952648;0.002450627;0.001108647;0.004227642;0.002405292;0.002949309;0.002251166;0.003635162;0.003347116;0.002157756;0.00214511;0.002794272;0.003229713;0.003026968;0.001798885;0.001368691;0.003124024;0.00418747;0;0.003377386;0.002257336;0.002031488;0.002345416;0.003812514;0.00297932;0.003159942;0.00160901;0.001722158;0.002560351
95;0.005008101;0.000544218;0.003077975;0.002508511;0;0;0;0.008783136;0.003486672;0.000754907;0.003421728;0.00415677;0.002422661;0.001722311;0.002118083;0.004360993;0.005249637;0.003279361;0.002581927;0.004349852;0.003681484;0.004278922;0.002009545;0.000849137;0.00339799;0.006251116;0.006018917;0.003428365;0.008187135;0.00867052;0.002364574;0.000481928;0.002965683;0.003416399;0.00026469;0.004890454;0.000549602;0.001048493;0.006852749;0.006822058;0.004854369;0.000532623;0;0.00235209;0.006509206;0.002474839;0.004333694;0.003220307;0.008050702;0.005822755;0.007540395;0.003231266;0.004054265;0.003293808;0.002574977;0.003460208;0.006969478;0.004495936;0.002452698;0.00459899;0.004023089;0.003584229;0.004058782;0.005373221;0.007006481;0.003674121;0.004406625;0.007248565;0.002385821;0.001985036;0.003865717;0.001466276;0.005568293;0.006669007;0.004446421;0.004407051;0.003317596;0.00166113;0.005963368;0.004241219;0.001577287;0.002949024;0.008375451;0.005357442;0.006128905;0.006710646;0.002260398;0.004442166;0.001319261;0.004808438;0.00595061;0.005486216;0.002807412;0;0.004150454;0.001382887;0.006634233;0.010446686;0.005039194;0.006373293;0.003787124;0.006322625;0.009081607;0.005616122
97;0;0;0;0;0;0;0;0;0;0;0;0;0;0;0;0;0;0;0;0;0;0;0;0;0;0;0;0;0;0;0;0;0;0;0;0;0;0;0;0;0;0;0;0;0;0;0;0;0;0;0;0;0;0;0;0;0.000194742;0;0;0;0;0;0;0;0;0;0;0;0;0;0;0;0;0;0;0;0;0;0;0;0;0;0;0;0;0;0;0;0;0;0;0;0;0;0.00022237;0;0;0;0;0;0;0;0;0
98;0;0;0;0;0;0;NA;0;0;0;0;0;0;0;0;0;0;0;0;0;0;0;0;0;0;0;0;0;0;0;0;0;0;0;0;0;0;0;0;0;0;0;NA;0;0;0;0;0;0;0;0;0;0;0;0;0;0;0;0;0;0;0;0;0;0;0;0;0;0;0;0;0;0;0;0;0;0;0;0;0;0;0;0;0;0;0;0;0;0;0;0;0;0;NA;0;0;0;0;0;0;0;0;0;0
99;0.005911778;0.000286615;0.003888987;0.003525701;0.008783136;0;0;0;0.004831474;0.000792184;0.003515453;0.003050175;0.001736446;0.002855977;0.001670379;0.003218618;0.005705809;0.005767998;0.001648465;0.003677058;0.005606953;0.002444988;0;0.000298686;0.003052769;0.008330248;0.007830575;0.002237971;0.006022023;0.006057191;0.00223914;0.000504668;0.004503196;0.002294056;0.000835887;0.00528026;0.001740139;0.003037835;0.006032403;0.004222481;0.003864734;0.001964637;0;0.006581422;0.003264209;0.005463548;0.003922301;0.003535651;0.005647723;0.005712925;0.004257682;0.003485977;0.004498715;0.00242915;0.002806361;0.0027894;0.006634722;0.005904455;0.004354927;0.001942413;0.004159132;0.002411223;0.003735096;0.002082713;0.005786618;0.003291639;0.004221388;0.008870215;0.002994012;0.002358491;0.003381949;0.001536492;0.003032856;0.007260846;0.005799756;0.004787677;0.003136435;0.003216374;0.004075691;0.003666984;0.000811952;0.004767408;0.008009493;0.006226219;0.004302397;0.00744186;0.002636885;0.003349198;0.000687443;0.004631108;0.004430186;0.003511729;0.002594034;0;0.005055208;0.001071429;0.005298214;0.00874256;0.00561037;0.00451995;0.005599336;0.0102764;0.010363374;0.004266307
100;0.00719346;0.000985383;0.004364694;0.000999375;0.003486672;0;0;0.004831474;0;0.000782473;0.006492815;0.003387608;0.001284192;0.004125579;0.000322529;0.004125645;0.004751848;0.002742356;0.002686006;0.004182681;0.00638057;0.004705072;0.000937354;0;0.00656571;0.003489531;0.004007286;0.002386935;0.004038964;0.002674622;0.002548492;0.001066585;0.006874669;0.001351169;0.00048434;0.002920483;0;0.000641746;0.00368565;0.00475838;0.000898242;0.000648193;0;0.001132218;0.004232397;0.004375074;0.004278882;0.003251398;0.003747582;0.004543389;0.004126547;0.005851902;0.003967354;0.006016244;0.003553581;0.002230678;0.006618812;0.003415051;0.002957122;0.004060734;0.002457606;0.002794077;0.006822714;0.003976784;0.003316953;0.005198706;0.003111111;0.003201236;0.001810501;0.00290373;0.001907877;0.002307337;0.004342213;0.003939916;0.004149831;0.002563065;0.005083586;0.002324809;0.003061009;0.00624182;0.003663004;0.007057832;0.004380342;0.002976899;0.002939212;0.007510058;0.004096546;0.00205314;0.002012072;0.003949893;0.00360774;0.005051546;0.004411765;0;0.006837776;0.002196997;0.004454101;0.0035;0.002440904;0.002881206;0.003095142;0.004352557;0.004972699;0.008557457
101;0;0.00174216;0.0011994;0.001632387;0.000754907;0;0;0.000792184;0.000782473;0;0.000443557;0.001654846;0;0.001193317;0.001592357;0.001389854;0.001392327;0.000845309;0.001987281;0.00050813;0.000620989;0.001840652;0.002056203;0.001986097;0.000877963;0;0.000903614;0.00165071;0.000570613;0.001042318;0.000468384;0.002467613;0.000218627;0.003254679;0;0.001534919;0.000898473;0;0.002005731;0.001758628;0.002106002;0;0;0.000664231;0.000693722;0.000563857;0;0.000722804;0.000595948;0.00049124;0.002274204;0.001756147;0.000255689;0.00019658;0.000978474;0.000743218;0.001026167;0.000914913;0.001567398;0.00171393;0.003435353;0;0.001940492;0.001138693;0.001554243;0.000532765;0.002209131;0.002662149;0.001193674;0.001986591;0.002498959;0.001274697;0.000276855;0.001560549;0.001885903;0.002014504;0.00093791;0.000917431;0.001978457;0.00099108;0.001571915;0.001301801;0.002474691;0.002305476;0.000390472;0.001425178;0.001457018;0.002092676;0.001482213;0.001520913;0.00331675;0.000416493;0.000867115;0;0.001344086;0.000919399;0.001863499;0.000324465;0.001401542;0.00170815;0;0.00029753;0.000746547;0.000757576
102;0.006842754;0.000475172;0.003921569;0.001470588;0.003421728;0;0;0.003515453;0.006492815;0.000443557;0;0.002885805;0.002543235;0.006966041;0.001159017;0.003639259;0.003895967;0.003883136;0.003235083;0.00401664;0.005860619;0.004825973;0.000221141;0;0.005143762;0.00260078;0.00330033;0.001972711;0.00397432;0.002294455;0.001927897;0.001068148;0.005398288;0.001812579;0.001160631;0.004072238;0.000959003;0.003457815;0.005057471;0.005411113;0.003221977;0.000466309;0;0.003137903;0.002867263;0.003339405;0.007103915;0.003442341;0.003595997;0.006143719;0.003264773;0.004128114;0.003598158;0.004313532;0.003929825;0.002439024;0.010657596;0.004274858;0.003046336;0.003171247;0.004482869;0.003221527;0.005347594;0.003093893;0.003994887;0.002942475;0.003370787;0.003622179;0.001404714;0.002401469;0.003118694;0.000864304;0.003759964;0.003360538;0.004810335;0.003073585;0.004906654;0.00096432;0.003292073;0.003712412;0.003352281;0.006028834;0.003738817;0.002760313;0.004645346;0.005140838;0.004052543;0.001718213;0.001377682;0.004009164;0.003714404;0.007171213;0.003266693;0;0.003638128;0.002694136;0.002860646;0.002610966;0.002710486;0.002798769;0.003965393;0.004535502;0.004172628;0.006141355
103;0.001980478;0;0.001635056;0.00239685;0.00415677;0;0;0.003050175;0.003387608;0.001654846;0.002885805;0;0.003916682;0.003721766;0.001733531;0.003756309;0.004556303;0.001748931;0.002644503;0.005833084;0.001972127;0.002278943;0.001650165;0.000527148;0.003551427;0.002722014;0.000819001;0.002929014;0.001750756;0.003703214;0.00162767;0.000453515;0.003133942;0.001716247;0.001239465;0.002228412;0.000769625;0.001473116;0.003192848;0.006027397;0.001775568;0.000747384;0;0.001900155;0.00194312;0.002373042;0.004659189;0.002707093;0.003101534;0.002591841;0.002047782;0.00429566;0.00374588;0.003696151;0.00203933;0.002561288;0.005001745;0.001981179;0.003522899;0.005235602;0.002506266;0.00420084;0.004187492;0.005459127;0.003004507;0.005223537;0.004385965;0.003039514;0.004579653;0.00397351;0.001349528;0.001148633;0.002035384;0.003850661;0.005142123;0.003424658;0.003955012;0.001808318;0.004101162;0.004614793;0.005017485;0.006116624;0.002491349;0.002239642;0.000748363;0.003745731;0.004944016;0.005075311;0.002290235;0.003425168;0.002713123;0.004100529;0.005295316;0;0.004267068;0.003148823;0.002120741;0.003247308;0.003733997;0.002181184;0.003030303;0.004738562;0.001720959;0.003847798
105;0.001582;0.000392003;0.001478665;0.003367003;0.002422661;0;0;0.001736446;0.001284192;0;0.002543235;0.003916682;0;0.001556178;0.001883239;0.005049088;0.002290951;0.002126528;0.002043423;0.002440398;0.003540393;0.001344861;0.00209937;0;0.001848429;0.001554865;0.00148368;0.004528986;0.00245048;0.002261712;0.000848656;0.001986097;0.004200269;0.001813002;0.001509434;0.001998002;0.000795545;0.001114827;0.003687769;0.003029793;0.002590674;0.001141118;0;0.001588022;0.002103787;0.001821125;0.001354096;0.00360924;0.002738572;0.00293725;0.003354204;0.004655493;0.003777862;0.001852424;0.003837018;0.00244798;0.004152249;0.001496686;0.003930989;0.003716996;0.00326087;0.004698729;0.003650241;0.004156564;0.003036876;0.003501946;0.004394799;0.002893833;0.002106594;0.004433771;0.003689065;0.001347255;0.003;0.002609263;0.00212766;0.003612903;0.004322552;0.000401284;0.005228538;0.002953521;0.001917546;0.003502335;0.002224123;0.004321877;0.002022245;0.002465291;0.002903811;0.005499154;0.002338498;0.003562055;0.001777146;0.002584814;0.003333889;0;0.003183748;0.002146844;0.0029898;0.003355705;0.002588844;0.003462099;0.002306509;0.002947368;0.002074074;0.003509212
106;0.005230259;0.000634115;0.002606807;0.00437868;0.001722311;0;0;0.002855977;0.004125579;0.001193317;0.006966041;0.003721766;0.001556178;0;0.001240695;0.004945173;0.00559944;0.002695418;0.003616637;0.006556938;0.002978673;0.005712731;0.002582953;0;0.005059854;0.002697437;0.001885698;0.002271695;0.00311218;0.003230051;0.001575906;0.001538166;0.006165988;0.00331675;0.001242236;0.00210322;0.000425894;0.000821018;0.004967357;0.003451251;0.002334994;0.001039717;0;0.00395678;0.002168861;0.004364968;0.003639121;0.003633491;0.002744475;0.005810334;0.00270636;0.005573988;0.00374933;0.004750319;0.004054938;0.004159335;0.006184028;0.003654436;0.003255883;0.005220359;0.003839905;0.004142931;0.004147859;0.005671078;0.002651738;0.002869244;0.003402696;0.002985462;0.003035559;0.003159974;0.003013561;0.001748931;0.003905705;0.003990541;0.003844182;0.000824266;0.005977219;0.001285072;0.005557614;0.00418702;0.002300406;0.004287114;0.002493766;0.00326751;0.001792991;0.006603678;0.003907268;0.001299264;0.00250134;0.003061768;0.00359389;0.004430607;0.004532092;0;0.0050257;0.002341235;0.003947033;0.002858002;0.004522065;0.003785901;0.002797893;0.002308802;0.001903909;0.006122247
107;0.000487567;0.004192872;0.000954198;0.0027894;0.002118083;0;0;0.001670379;0.000322529;0.001592357;0.001159017;0.001733531;0.001883239;0.001240695;0;0.001077973;0.000796686;0.001841621;0;0.000801496;0.000862441;0.001938521;0.000788022;0.00122549;0.00091659;0.003097041;0.001599488;0.002115656;0.000905797;0.002391824;0.000514668;0;0.001142074;0.000880282;0;0.001242236;0;0;0.003034901;0.000229148;0.000375657;0.00096432;0;0.001775568;0.002979516;0.00179051;0.003529827;0.001944012;0.001581778;0.001184233;0.001384562;0.000789889;0.002425222;0.00020429;0.001026694;0.00080032;0.002479192;0.001620746;0.000333111;0.001766784;0.000994036;0.003441495;0.001348618;0.001667858;0.001652893;0.001123596;0.001544402;0.001774848;0.003171583;0.00208605;0.002262443;0.002180233;0.001170618;0.000331565;0.00098668;0.001308901;0.00116777;0;0.002986446;0.001443001;0.000826902;0.001358388;0.002115159;0.000609013;0.000844595;0.000652742;0.002038736;0.003811944;0.001637555;0.0024;0.002231036;0.002172968;0.001584427;0;0.001595214;0.001302932;0.001950744;0.001385521;0.002632569;0.000767263;0.000431779;0.0028472;0.002715283;0.000936476
108;0.002795248;0.000366166;0.003145891;0.003261756;0.004360993;0;0;0.003218618;0.004125645;0.001389854;0.003639259;0.003756309;0.005049088;0.004945173;0.001077973;0;0.005218526;0.0040571;0.004113413;0.004503956;0.003510312;0.002467917;0.00225577;0.000752021;0.003619091;0.002566874;0.002099462;0.003688021;0.005528413;0.006847802;0.003266449;0.001517707;0.004633816;0.003998223;0.000539277;0.002751629;0.001291275;0.002324334;0.004113639;0.004643262;0.004906084;0.001264223;0;0.003561156;0.004184684;0.004342828;0.005885574;0.002831658;0.00524109;0.005886326;0.0028463;0.006421129;0.003660322;0.003736522;0.003102625;0.003580636;0.007531464;0.002772277;0.003742815;0.007880664;0.004537568;0.001989593;0.006627724;0.005657545;0.004264392;0.005231689;0.005147235;0.005349501;0.001174935;0.003244412;0.003733572;0.001531654;0.007626795;0.003869762;0.004810513;0.00354139;0.006781429;0.001296777;0.007838237;0.006124422;0.004072063;0.004386952;0.00711989;0.003606388;0.001602331;0.005387014;0.004763039;0.006432979;0.003481564;0.008049762;0.004346805;0.006623979;0.005064146;0;0.00495676;0.003176284;0.003962242;0.003663501;0.004904021;0.002500595;0.004120677;0.005106717;0.004776739;0.005988576
109;0.00637149;0.001135258;0.003480139;0.001981424;0.005249637;0;0;0.005705809;0.004751848;0.001392327;0.003895967;0.004556303;0.002290951;0.00559944;0.000796686;0.005218526;0;0.003393972;0.003058104;0.004934395;0.006124324;0.003864075;0.00108058;0.000497595;0.005139501;0.003579805;0.002883922;0.002114428;0.004120071;0.00511509;0.001959412;0.000752672;0.004815745;0.001203209;0.000318827;0.002495403;0;0.001268432;0.004598514;0.005985509;0.002800407;0.000640102;0;0.002244949;0.002027369;0.003512058;0.004738155;0.004512054;0.00407332;0.005600217;0.005456349;0.005240272;0.004271103;0.004370716;0.003854626;0.002729045;0.008063769;0.003019324;0.002439619;0.004473292;0.003900536;0.001518288;0.004466604;0.003622802;0.002797373;0.004347329;0.004079832;0.004163015;0.004195134;0.002878654;0.002293269;0.000910747;0.004770215;0.004392387;0.005530254;0.003608179;0.005337733;0.001474201;0.003876781;0.005189103;0.003972307;0.00647452;0.003918661;0.002240038;0.003572374;0.006653655;0.00461285;0.003715244;0.001847378;0.003690862;0.004121475;0.005937148;0.005738132;0;0.006389462;0.003267974;0.004849661;0.002473411;0.002799338;0.002305919;0.001862197;0.003710797;0.004643514;0.005534417
110;0.004237288;0.000968054;0.003063148;0.002767296;0.003279361;0;0;0.005767998;0.002742356;0.000845309;0.003883136;0.001748931;0.002126528;0.002695418;0.001841621;0.0040571;0.003393972;0;0.000873108;0.003513123;0.002090592;0.001482737;0.001683502;0.000519211;0.003480491;0.004993758;0.004976303;0.004830918;0.003401361;0.004742666;0.002626395;0.001575423;0.003654303;0.001183432;0;0.003412969;0.001478561;0.002267574;0.005465725;0.003114694;0.005061268;0.00280112;0;0.002039256;0.004490227;0.003820225;0.003299492;0.003265306;0.006828349;0.001710376;0.003761284;0.002244898;0.005830904;0.002336449;0.004410585;0.002777006;0.004301394;0.003344482;0.001948843;0.002866503;0.004132231;0.003822874;0.003787879;0.003967504;0.005586592;0.004513217;0.004822182;0.006363094;0.001875733;0.002428658;0.006051437;0.004033885;0.003543743;0.006094588;0.00447036;0.003241014;0.003047314;0.0045;0.006617647;0.005390836;0.003386243;0.003627789;0.006744099;0.005489478;0.004039238;0.003742204;0.004182434;0.005178908;0.001360082;0.00495356;0.007232213;0.005447197;0.002354219;0;0.00442188;0.002395783;0.006945784;0.004267068;0.004522479;0.003395925;0.004101963;0.011103236;0.004639258;0.003334222
111;0.002990095;0.00045045;0.001362398;0.001694095;0.002581927;0;0;0.001648465;0.002686006;0.001987281;0.003235083;0.002644503;0.002043423;0.003616637;0;0.004113413;0.003058104;0.000873108;0;0.00159968;0.002887228;0.003288798;0.000790202;0;0.003385602;0.003121248;0.002281022;0.002197266;0.002408583;0.003931624;0.001248829;0.001858045;0.003198294;0.00255102;0;0.000815661;0.000457875;0.000847099;0.002633889;0.003029763;0.003065917;0.001305483;0;0.001716949;0.000505817;0.002821793;0.002196729;0.001303781;0.004992058;0.002512914;0.001204529;0.002970885;0.003019324;0.00391198;0.002913753;0.002396804;0.004788855;0.002533395;0.001878816;0.002004008;0.004454865;0.003035823;0.003157895;0.002751284;0.003975678;0.002075981;0.001944012;0.002499519;0.001130966;0.003932363;0.002594408;0.002276176;0.002568493;0.005639098;0.003583553;0.003667137;0.004231975;0.000925926;0.003923667;0.00410105;0.002047502;0.004238785;0.002539452;0.001761726;0.00165426;0.002440016;0.002508684;0.002720472;0.001940492;0.003396603;0.002645503;0.002559727;0.004769475;0;0.003832641;0.003238492;0.002425826;0.001929571;0.00127421;0.001354227;0.003363229;0.00407701;0.002181025;0.002743305
112;0.004739336;0.000274952;0.005175091;0.002164502;0.004349852;0;0;0.003677058;0.004182681;0.00050813;0.00401664;0.005833084;0.002440398;0.006556938;0.000801496;0.004503956;0.004934395;0.003513123;0.00159968;0;0.005216914;0.00446571;0.001521298;0.000286041;0.004561003;0.003047687;0.002069322;0.001632505;0.005029338;0.00399394;0.002819345;0.00146092;0.0039801;0.002225369;0.000802783;0.004136301;0.000555556;0.000529381;0.003352892;0.006572367;0.004134561;0.000538213;0;0.002917046;0.001491146;0.005161505;0.006560962;0.002287893;0.003260683;0.004321925;0.003420958;0.008558979;0.004394225;0.004241782;0.004426805;0.003680744;0.006273374;0.003303773;0.002823363;0.004279761;0.005467372;0.002974294;0.003233971;0.003791193;0.004751012;0.003858521;0.002440885;0.006679824;0.001542681;0.004156404;0.003690794;0.001974821;0.005107084;0.003876652;0.003275759;0.004036327;0.005526282;0.000838926;0.005422374;0.005334756;0.004136834;0.005520951;0.005793743;0.005053908;0.002182973;0.006395614;0.003186163;0.001371742;0.000664894;0.006408253;0.004332238;0.005099931;0.006801757;0;0.006401881;0.004013261;0.004141399;0.00595883;0.001874063;0.004265042;0.003615184;0.003602676;0.003323108;0.005417957
114;0.007345226;0;0.004182226;0.002330278;0.003681484;0;0;0.005606953;0.00638057;0.000620989;0.005860619;0.001972127;0.003540393;0.002978673;0.000862441;0.003510312;0.006124324;0.002090592;0.002887228;0.005216914;0;0.005872483;0.001032844;0.000455477;0.004679398;0.00417698;0.006150615;0.0028125;0.003056769;0.003924454;0.002542681;0.00119928;0.004670538;0.001198015;0;0.003012048;0.00044484;0.001070435;0.006435571;0.007613247;0.003215951;0.000433651;0;0.002821759;0.00304;0.004200463;0.004695571;0.001790948;0.003423128;0.005720339;0.005752488;0.004219984;0.002473207;0.006175772;0.003894186;0.002474431;0.007086786;0.002406015;0.001827318;0.004092909;0.004568296;0.002319772;0.00487988;0.00257732;0.002427921;0.005350605;0.002012882;0.00493992;0.001783856;0.005420789;0.001729805;0.000605816;0.004594401;0.005643685;0.003549362;0.002732707;0.004724047;0.001566697;0.00265118;0.006443914;0.002643294;0.006416709;0.003198976;0.001751825;0.005580923;0.007681129;0.002537054;0.001635688;0.001480659;0.003694581;0.001972646;0.005032527;0.003763643;0;0.005613379;0.002714113;0.004706498;0.00403664;0.002892031;0.002543507;0.002722477;0.005065554;0.005171819;0.006955645
115;0.006198035;0.001140901;0.001229796;0.002585888;0.004278922;0;0;0.002444988;0.004705072;0.001840652;0.004825973;0.002278943;0.001344861;0.005712731;0.001938521;0.002467917;0.003864075;0.001482737;0.003288798;0.00446571;0.005872483;0;0.002097535;0;0.005521651;0.002935241;0.003531697;0.001485332;0.003248974;0.002098783;0.001336303;0.00075339;0.003037316;0.001244813;0;0.002824859;0.000576037;0.000547945;0.001367755;0.002754422;0.000191791;0;0;0.001864628;0.001718869;0.003907577;0.004655493;0.002149277;0.001576458;0.005341246;0.002947136;0.002524854;0.004162664;0.003638324;0.004515024;0.00238048;0.007359254;0.003022222;0.001984127;0.004112876;0.001977706;0.002400698;0.00646366;0.001779359;0.002154399;0.002458613;0.001710199;0.002775636;0.001050972;0.002194013;0.001891551;0.000509035;0.002854265;0.001618705;0.004559271;0.002067397;0.002605524;0.00087007;0.004355401;0.00365705;0.002757055;0.003452741;0.001910922;0.002575992;0.002035831;0.005092593;0.002008963;0.001753771;0.000684307;0.003977092;0.003041825;0.004768583;0.005186573;0;0.004775169;0.002494654;0.003313752;0.002763449;0.001535509;0.002636476;0.003090235;0.002101576;0.005076142;0.005721337
117;0.000929368;0.000861326;0.000298507;0.000649773;0.002009545;0;0;0;0.000937354;0.002056203;0.000221141;0.001650165;0.00209937;0.002582953;0.000788022;0.00225577;0.00108058;0.001683502;0.000790202;0.001521298;0.001032844;0.002097535;0;0.002946955;0.000656599;0.000962773;0.00029994;0.001644196;0.001707942;0.001039717;0.001865672;0.000611247;0.001309758;0.001616815;0.000791766;0.001527884;0;0.001536098;0.000570288;0.001973684;0.002097169;0;0;0.000330688;0.001728907;0.000561956;0.001314492;0.000719683;0;0.000981033;0.000322997;0.000499625;0.001531394;0.000588582;0.001464129;0.002966259;0.000511771;0.000303674;0.000624025;0.001710731;0.001552795;0.001338091;0.001935484;0.001135589;0.000928505;0.000531067;0.000977756;0.001929105;0.001785183;0.000989364;0.003318125;0.000632111;0.001657917;0.000621311;0.001174536;0.002004812;0.001123175;0;0.00109529;0.001384768;0.001044114;0.000648789;0.000671892;0.001147447;0.001946283;0.000473709;0.000968054;0.000594884;0.000981836;0.0015163;0.000471143;0.000623312;0.001081315;0;0.001340996;0.002140018;0.001858304;0;0.002094972;0.000729217;0.001987281;0.00059312;0.001304267;0.000453583
119;0.000519076;0;0.000345185;0.000380807;0.000849137;0;0;0.000298686;0;0.001986097;0;0.000527148;0;0;0.00122549;0.000752021;0.000497595;0.000519211;0;0.000286041;0.000455477;0;0.002946955;0;0;0.000750751;0;0.000771903;0.000326264;0.000458821;0.001181335;0;0.001210947;0.000494071;0;0.000922935;0;0.001176471;0.000327332;0.001216249;0;0;0;0.000388954;0.001639344;0;0.000385654;0;0.000342936;0.000176429;0.000378358;0.00056338;0.001153735;0;0.000548095;0;0;0;0;0.000167029;0;0;0;0.001012402;0.000359712;0.000905797;0.00027465;0.000270197;0.000686813;0.001114206;0.001528273;0.00088574;0.000315358;0.000361402;0;0.000488998;0.000204332;0;0.000729217;0.000651324;0.000591716;0.000959233;0.000997258;0;0;0.00017001;0;0.001375989;0.000630915;0.000570125;0.000791348;0.00045861;0.000718907;0;0.000209512;0.000354108;0.000259134;0;0;0.000273;0.000483793;0.000342466;0.000406587;0.000649351
121;0.006934058;0;0.002954899;0.001783687;0.00339799;0;0;0.003052769;0.00656571;0.000877963;0.005143762;0.003551427;0.001848429;0.005059854;0.00091659;0.003619091;0.005139501;0.003480491;0.003385602;0.004561003;0.004679398;0.005521651;0.000656599;0;0;0.003713271;0.004685304;0.002120372;0.003488019;0.004188349;0.0015273;0.000845487;0.005758409;0.002877698;0;0.00456621;0.000473709;0.001137139;0.002275485;0.004059717;0.001174891;0.000461042;0;0.003441495;0.002508361;0.00498038;0.004905969;0.002728978;0.002479851;0.004247903;0.003238866;0.003248588;0.005153163;0.005396125;0.002924384;0.001553331;0.007191819;0.003138732;0.002066116;0.002416982;0.003332275;0.001499531;0.003752588;0.001734953;0.005398539;0.00468247;0.002788234;0.00429244;0.001238965;0.001822771;0.001633987;0.002140869;0.004332238;0.004770234;0.004092769;0.001610594;0.002968769;0.001669051;0.004059186;0.005297524;0.003038194;0.004290172;0.005715805;0.003350594;0.00353857;0.010172395;0.00291141;0.001860465;0.002732774;0.002982955;0.003689533;0.002914713;0.003767212;0;0.006285507;0.002831079;0.003248951;0.004867759;0.001678416;0.003477051;0.00303463;0.006218905;0.004148394;0.004965346
122;0.007105397;0.0010699;0.00260887;0.002758913;0.006251116;0;0;0.008330248;0.003489531;0;0.00260078;0.002722014;0.001554865;0.002697437;0.003097041;0.002566874;0.003579805;0.004993758;0.003121248;0.003047687;0.00417698;0.002935241;0.000962773;0.000750751;0.003713271;0;0.007485333;0.00342246;0.003692906;0.004666356;0.002643405;0.000304785;0.004027711;0.002918998;0.000343879;0.00376382;0.001083815;0.002720163;0.003700097;0.004363989;0.00378198;0.0003465;0;0.003006873;0.003313453;0.003276161;0.002992732;0.005909091;0.006219904;0.003099574;0.004873914;0.002839901;0.002339813;0.001931075;0.005773268;0.002304147;0.004144939;0.004883011;0.001858352;0.003225806;0.00226384;0.003094379;0.003342352;0.003814262;0.005772006;0.001850824;0.002620087;0.003286629;0.001798921;0.002465657;0.003704618;0.002173238;0.003809524;0.005787516;0.003226902;0.003389831;0.003012048;0.001457726;0.004363284;0.004342618;0.00073046;0.002557545;0.003941534;0.006073668;0.005241839;0.005037149;0.001732802;0.002802803;0.002176279;0.003399535;0.005117707;0.003572538;0.002716957;0;0.004237907;0.002851905;0.006079027;0.007867319;0.00311042;0.006111402;0.003613587;0.00762899;0.006163991;0.003278689
124;0.005214274;0.001324942;0.003272377;0.002231237;0.006018917;0;0;0.007830575;0.004007286;0.000903614;0.00330033;0.000819001;0.00148368;0.001885698;0.001599488;0.002099462;0.002883922;0.004976303;0.002281022;0.002069322;0.006150615;0.003531697;0.00029994;0;0.004685304;0.007485333;0;0.003476483;0.005231689;0.006180283;0.000998752;0.002005156;0.002955359;0.001384722;0.00128164;0.00470641;0.000334896;0.002534051;0.006749156;0.002182045;0.001907184;0.000322373;0;0.002873563;0.002317253;0.003888169;0.002246273;0.003458712;0.007123604;0.003015454;0.003237556;0.003764545;0.001731602;0.001150582;0.002689528;0.002414929;0.005465903;0.006835938;0.001779008;0.001205982;0.002957996;0.002441406;0.003231266;0.002238209;0.003347775;0.002314815;0.002187447;0.00400534;0.001340739;0.002205259;0.003516999;0.001162791;0.003658983;0.005938242;0.001799738;0.004839825;0.002085071;0.001013171;0.003589263;0.004206556;0.003523608;0.00417892;0.005560852;0.006394583;0.005440943;0.003304774;0.001503006;0.002879079;0.001798099;0.00189231;0.003285151;0.005723754;0.003556518;0;0.002687792;0.000973899;0.007342144;0.003441992;0.005526036;0.006736275;0.004354802;0.005570496;0.009347098;0.003551136
150;0.00204499;0.001465201;0.002647658;0.004317789;0.003428365;0;0;0.002237971;0.002386935;0.00165071;0.001972711;0.002929014;0.004528986;0.002271695;0.002115656;0.003688021;0.002114428;0.004830918;0.002197266;0.001632505;0.0028125;0.001485332;0.001644196;0.000771903;0.002120372;0.00342246;0.003476483;0;0.003746057;0.007732365;0.001885268;0.002186134;0.002604591;0.002723446;0.002120141;0.003349282;0.001484781;0.001741553;0.007135778;0.004744764;0.004071477;0.000711238;0;0.004589161;0.003818509;0.002539063;0.002387153;0.004383941;0.00631236;0.003914405;0.004086022;0.003599064;0.002188184;0.001501051;0.001941748;0.002578528;0.002021019;0.00391995;0.003569929;0.003506575;0.003556485;0.00183727;0.004190169;0.003861004;0.005649718;0.003193688;0.006750755;0.004384427;0.003453881;0.003213712;0.006049912;0.004137492;0.004445303;0.004190237;0.004822597;0.003698225;0.003625816;0.000373972;0.004415372;0.003934625;0.001667284;0.002263541;0.005493591;0.004963272;0.003631082;0.001900418;0.004575854;0.004068348;0.001664355;0.003444525;0.003102913;0.004244616;0.001938924;0;0.006513694;0.003102378;0.004780604;0.002362543;0.004977376;0.004413842;0.003186275;0.004876067;0.004337767;0.002571009
152;0.005221519;0;0.001484781;0.000781097;0.008187135;0;0;0.006022023;0.004038964;0.000570613;0.00397432;0.001750756;0.00245048;0.00311218;0.000905797;0.005528413;0.004120071;0.003401361;0.002408583;0.005029338;0.003056769;0.003248974;0.001707942;0.000326264;0.003488019;0.003692906;0.005231689;0.003746057;0;0.006013494;0.002151052;0.000543478;0.003176524;0.001771872;0.001513317;0.003008812;0.000315457;0.001495215;0.00688905;0.004098983;0.004909984;0.001218398;0;0.004756243;0.005084401;0.003221188;0.00433925;0.005207248;0.010072748;0.004180499;0.004296875;0.004316069;0.00268772;0.003511236;0.003263175;0.002532714;0.004699606;0.004893657;0.002098836;0.001770747;0.004766444;0.003508772;0.004645587;0.004201681;0.004184896;0.002414209;0.006392395;0.006820396;0.001665741;0.003624382;0.003597122;0.002209945;0.003007253;0.004386801;0.00286214;0.004642936;0.002304772;0.000635728;0.003793627;0.003955361;0.00204499;0.004063205;0.004782475;0.005997819;0.006098889;0.00600168;0.003083414;0.002409192;0.000244918;0.004682274;0.005433046;0.004244731;0.004969131;0;0.003865268;0.001882176;0.006331117;0.004494821;0.005523732;0.00571242;0.005284016;0.006687721;0.006921824;0.003242993
154;0.003542842;0.001557286;0.002397004;0.003752345;0.00867052;0;0;0.006057191;0.002674622;0.001042318;0.002294455;0.003703214;0.002261712;0.003230051;0.002391824;0.006847802;0.00511509;0.004742666;0.003931624;0.00399394;0.003924454;0.002098783;0.001039717;0.000458821;0.004188349;0.004666356;0.006180283;0.007732365;0.006013494;0;0.002191381;0.002215062;0.004307614;0.003968939;0.000869565;0.004380054;0.001120825;0.00432526;0.00928382;0.007131033;0.005182186;0.001968073;0;0.006006006;0.005157131;0.003198139;0.004719207;0.005090312;0.008719182;0.004458599;0.006095655;0.004375769;0.003869541;0.002256264;0.001884253;0.004152824;0.005461496;0.004390613;0.003679289;0.003694202;0.002290076;0.002153239;0.004016568;0.00466805;0.006738132;0.003246295;0.007998915;0.008476857;0.001493206;0.003395816;0.005412011;0.002443494;0.003168659;0.004593477;0.0044926;0.004127257;0.003349117;0.00202977;0.004572009;0.003823178;0.002234949;0.003400504;0.008004131;0.004559494;0.003904261;0.005925772;0.003624648;0.00539892;0.002235886;0.007727335;0.003969829;0.004804731;0.003399647;0;0.00764526;0.002423508;0.008034773;0.007830854;0.004042037;0.004986523;0.005144915;0.00493938;0.006235566;0.005554433
836;0.000803536;0.002730748;0.003490401;0.004280364;0.002364574;0;0;0.00223914;0.002548492;0.000468384;0.001927897;0.00162767;0.000848656;0.001575906;0.000514668;0.003266449;0.001959412;0.002626395;0.001248829;0.002819345;0.002542681;0.001336303;0.001865672;0.001181335;0.0015273;0.002643405;0.000998752;0.001885268;0.002151052;0.002191381;0;0.000866176;0.001904399;0.003821656;0.001550388;0.002128306;0.000555864;0.002534212;0.001436438;0.00248566;0.003684807;0.002616431;0;0.001082544;0.003371734;0.001182033;0.001615074;0.002320859;0.002230483;0.002064288;0.003192338;0.001712695;0.003491925;0.002430556;0.000837872;0.002670623;0.001685049;0.00075662;0.00336091;0.000984806;0.002571355;0.002059732;0.00187864;0.003752716;0.002308284;0.003388299;0.002101282;0.001244039;0.003227408;0.001697433;0.002593193;0;0.000931315;0.001542813;0.001420166;0.000946372;0.002830974;0;0.003444317;0.002446697;0.001110124;0.00321726;0.002143832;0.002648688;0.001850709;0.000428143;0.002919099;0.004477612;0.001846381;0.002594595;0.002240326;0.002739726;0.002836611;0;0.00476758;0.004065041;0.003420523;0.002393617;0.001695873;0.002510986;0.001567398;0.001732244;0.000993049;0.001786205
839;0.000447527;0;0.001710376;0.000925926;0.000481928;0;0;0.000504668;0.001066585;0.002467613;0.001068148;0.000453515;0.001986097;0.001538166;0;0.001517707;0.000752672;0.001575423;0.001858045;0.00146092;0.00119928;0.00075339;0.000611247;0;0.000845487;0.000304785;0.002005156;0.002186134;0.000543478;0.002215062;0.000866176;0;0.001687052;0.001137225;0;0.000718649;0.000776398;0;0.001909959;0.000634384;0;0.000712251;0;0.000313775;0.002949853;0.000806235;0.000311624;0.002724796;0.000566412;0.000955566;0.001536098;0.001682288;0.000489596;0.000760601;0.002820212;0.000348797;0.001162598;0.000868558;0.004470939;0.00151653;0.000886263;0.001663894;0.00083022;0.001972819;0.000589102;0.000763747;0;0.000927214;0.001702611;0.000475285;0.002329193;0.001146789;0.000528262;0.000887311;0.002492071;0.002636535;0.002729258;0.001582278;0.001693122;0.001533448;0.001001502;0.00209205;0.001080847;0.001096191;0.000731261;0.000461823;0.002097902;0.000851305;0;0.000727626;0.000453721;0.000602894;0.001253656;0;0.001486436;0.000581564;0.002014775;0.001845018;0.001651255;0.000701426;0.001866368;0;0.000361337;0.00088574
840;0.00760353;0.000468055;0.003259351;0.002590254;0.002965683;0;0;0.004503196;0.006874669;0.000218627;0.005398288;0.003133942;0.004200269;0.006165988;0.001142074;0.004633816;0.004815745;0.003654303;0.003198294;0.0039801;0.004670538;0.003037316;0.001309758;0.001210947;0.005758409;0.004027711;0.002955359;0.002604591;0.003176524;0.004307614;0.001904399;0.001687052;0;0.001612325;0;0.003324003;0.000708215;0.001360236;0.002573808;0.003658218;0.002178649;0.000919329;0;0.001958864;0.002836643;0.003307276;0.003747759;0.002892632;0.004960471;0.004677981;0.003717472;0.005225251;0.003994864;0.003788805;0.003057679;0.00275767;0.007405745;0.00454688;0.001743541;0.005049442;0.005712472;0.00261976;0.005823735;0.003468979;0.005704326;0.003207465;0.004459309;0.004700028;0.002630357;0.003785224;0.003264418;0.001279318;0.005521564;0.003803487;0.003674469;0.001785077;0.002488152;0.000949668;0.004839132;0.005411389;0.002452749;0.003891051;0.004771372;0.00395317;0.003175163;0.007248694;0.005269727;0.002476397;0.001944769;0.005113636;0.003681986;0.007240854;0.004932503;0;0.003972553;0.003139225;0.003649142;0.003880983;0.004533244;0.00221791;0.002669514;0.004490554;0.004616477;0.005476904
841;0.001508296;0.000461894;0.002994012;0.002946955;0.003416399;0;0;0.002294056;0.001351169;0.003254679;0.001812579;0.001716247;0.001813002;0.00331675;0.000880282;0.003998223;0.001203209;0.001183432;0.00255102;0.002225369;0.001198015;0.001244813;0.001616815;0.000494071;0.002877698;0.002918998;0.001384722;0.002723446;0.001771872;0.003968939;0.003821656;0.001137225;0.001612325;0;0.000882613;0.00248825;0;0.001301518;0.000887115;0.003240324;0.002070929;0;0;0.001242545;0.00205497;0.001755541;0.001235788;0.002118083;0.002291476;0.003096847;0.001709819;0.002802803;0.002033347;0.002463459;0.002158132;0.003245875;0.001457938;0.00139795;0.001665081;0.004045853;0.001895285;0.003397159;0.002300885;0.00203666;0.001654455;0.002099958;0.001571401;0.001942125;0.003904456;0.004574383;0.003812317;0.00232468;0.001948052;0.00308642;0.003047619;0.002575844;0.00395132;0.001425856;0.003601008;0.003473945;0.002278376;0.003206841;0.002014283;0.002901138;0.001679731;0.002184599;0.002926829;0.002524673;0.001975634;0.004042854;0.002864782;0.004140787;0.00177841;0;0.002090704;0.001169044;0.002640015;0.002445586;0.001033592;0.002152642;0.00284495;0.002059968;0.001885014;0.00157708
843;0;0.001051525;0.001275104;0.000348554;0.00026469;0;0;0.000835887;0.00048434;0;0.001160631;0.001239465;0.001509434;0.001242236;0;0.000539277;0.000318827;0;0;0.000802783;0;0;0.000791766;0;0;0.000343879;0.00128164;0.002120141;0.001513317;0.000869565;0.001550388;0;0;0.000882613;0;0.000829876;0;0;0.000910194;0.000459031;0.000376506;0;0;0.000710985;0.002986189;0;0;0.000778513;0.001584786;0.000169176;0.001040222;0.00211249;0.000808407;0.000409165;0;0.000802246;0;0;0.003347841;0.001124679;0.001994018;0.000491642;0.000674764;0.002387775;0.000661813;0;0.00128866;0.000507228;0;0.000260688;0.000906208;0.001458789;0.002348107;0.001330229;0.000740924;0.002628121;0.000194666;0.001121076;0.000458926;0.000618684;0.000552029;0.000679656;0.001411101;0.000304971;0.002544529;0.000326584;0.000764721;0.001269841;0.000547046;0.000266525;0.000991818;0.00152207;0.000679348;0;0.000797925;0.000652316;0.000975848;0.000693722;0.001506024;0;0.001299827;0.000316156;0.000387447;0.000156104
